
(1500,472)
13.00708
(1499,475)
0.007394
(1499,476)
0.001317
(1498,479)
0.007625
(1497,480)
0.001007
(1497,480)
0.007563
(1496,481)
0.002193
(1496,482)
0.006276
(1496,483)
0.004352
(1496,484)
0.005744
(1496,485)
0.008622
(1496,485)
0.051891
(1496,485)
0.037365
(1496,487)
0.042309
(1496,487)
0.001593
(1495,489)
0.007805
(1495,489)
0.002175
(1491,494)
0.006002
(1491,494)
0.00298
(1484,503)
0.00881
(1482,506)
0.002086
(1471,518)
0.005232
(1463,524)
0.003639
(1446,537)
0.005003
(1439,545)
0.002068
(1418,564)
0.007851
(1409,570)
0.001588
(1386,587)
0.007978
(1377,595)
0.001833
(1354,608)
0.005984
(1347,613)
0.002993
(1322,629)
0.006725
(1315,633)
0.003988
(1293,646)
0.006035
(1284,651)
0.004039
(1259,664)
0.004567
(1250,667)
0.001549
(1228,678)
0.008206
(1218,682)
0.001995
(1199,693)
0.007026
(1191,699)
0.001984
(1170,710)
0.006968
(1162,715)
0.002844
(1148,722)
0.006427
(1139,725)
0.004035
(1130,731)
0.00578
(1125,732)
0.004188
(1080,755)
0.199767
(1063,763)
0.001994
(1026,785)
0.007096
(1011,793)
0.003876
(980,810)
0.004985
(971,817)
0.005984
(956,825)
0.004027
(947,830)
0.002953
(940,834)
0.007025
(935,837)
0.001951
(933,839)
0.005982
(931,842)
0.002992
(929,845)
0.005983
(928,846)
0.002993
(903,851)
0.186173
(889,854)
0.001317
(854,865)
0.005582
(841,868)
0.004194
(812,873)
0.006083
(800,875)
0.004615
(778,877)
0.005009
(768,878)
0.000222
(750,878)
0.008478
(745,878)
0.001705
(731,878)
0.00701
(723,878)
0.002533
(711,878)
0.007149
(708,878)
0.002857
(698,881)
0.006435
(695,881)
0.002811
(687,882)
0.005798
(686,882)
0.000573
(669,891)
0.190332
(662,899)
0.008106
(643,907)
0.006576
(636,913)
0.001808
(621,921)
0.008107
(616,923)
0.002139
(603,930)
0.003855
(600,932)
0.006053
(592,935)
0.005185
(590,936)
0.004808
(586,937)
0.00441
(582,938)
0.001689
(576,940)
0.007733
(574,941)
0.001955
(566,944)
0.003531
(563,945)
0.007325
(553,947)
0.005575
(550,948)
0.004048
(541,950)
0.00551
(537,953)
0.004203
(528,954)
0.003586
(525,955)
0.006148
(517,956)
0.004118
(515,956)
0.001717
(509,958)
0.006426
(507,959)
0.006837
(503,959)
0.003988
(502,959)
0.00399
(498,960)
0.003932
(497,960)
0.003348
(495,961)
0.006228
(494,961)
0.005182
(492,961)
0.004329
(491,961)
0.00539
(488,963)
0.003466
(487,963)
0.002324
(484,964)
0.010447
(483,964)
0.002029
(479,965)
0.003832
(478,965)
0.002958
(475,966)
0.006918
(475,966)
0.003665
(473,966)
0.004545
(470,966)
0.005091
(468,966)
0.005583
(467,966)
0.00367
(465,966)
0.004549
(464,966)
0.002272
(463,966)
0.005746
(462,966)
0.005002
(461,966)
0.005822
(460,967)
0.008583
(459,967)
0.010243
(458,967)
0.004045
(456,968)
0.004702
(454,968)
0.004594
(451,970)
0.005469
(450,970)
0.002119
(447,971)
0.005915
(445,974)
0.005098
(440,975)
0.005578
(439,976)
0.001686
(435,977)
0.010277
(433,978)
0.001894
(427,980)
0.004801
(425,981)
0.003882
(422,982)
0.004392
(418,984)
0.005075
(416,985)
0.005127
(415,986)
0.00161
(414,987)
0.009875
(412,987)
0.001996
(408,990)
0.004081
(407,990)
0.002589
(404,992)
0.007278
(402,994)
0.003157
(397,998)
0.003843
(395,1000)
0.006018
(390,1004)
0.005579
(388,1007)
0.004116
(383,1011)
0.004239
(381,1013)
0.002472
(376,1018)
0.007011
(373,1021)
0.002634
(369,1023)
0.007321
(367,1024)
0.001839
(365,1026)
0.006511
(362,1027)
0.002974
(360,1029)
0.00647
(359,1030)
0.003772
(358,1031)
0.004372
(357,1032)
0.005447
(355,1033)
0.005631
(353,1034)
0.001925
(351,1035)
0.002795
(350,1036)
0.00873
(348,1039)
0.004706
(347,1039)
0.002484
(343,1042)
0.007678
(342,1043)
0.002425
(340,1046)
0.006357
(338,1047)
0.003392
(336,1050)
0.005691
(335,1050)
0.003911
(332,1052)
0.002285
(331,1052)
0.007292
(330,1052)
0.004768
(330,1053)
0.00198
(329,1053)
0.003039
(328,1053)
0.014019
(327,1053)
0.025684
(326,1053)
0.00281
(324,1053)
0.021035
(323,1053)
0.00264
(323,1054)
0.014826
(322,1054)
0.001341
(321,1055)
0.009912
(320,1055)
0.005058
(319,1055)
0.003601
cl(319,1055)
0.529884
pressed 'n'
1.651652
released 'n'
0.067828
pressed 'o'
0.402052
released 'o'
0.084758
pressed 't'
0.430485
released 't'
0.081271
pressed 'e'
0.451562
released 'e'
0.093973
pressed 'p'
0.884311
released 'p'
0.089726
pressed 'a'
0.262621
released 'a'
0.119043
pressed 'd'
0.471896
released 'd'
0.093302
(322,1053)
1.213736
(324,1053)
0.001798
(329,1052)
0.002169
(330,1051)
0.008061
(334,1050)
0.005946
(335,1050)
0.002558
(339,1049)
0.009346
(341,1048)
0.002429
(346,1044)
0.003782
(347,1043)
0.002349
(352,1042)
0.010252
(354,1041)
0.001997
(359,1038)
0.001929
(362,1037)
0.004694
(368,1034)
0.008556
(371,1032)
0.001886
(380,1030)
0.002186
(383,1029)
0.007221
(391,1026)
0.006401
(395,1025)
0.004353
(403,1021)
0.003781
(405,1020)
0.002365
(412,1019)
0.0081
(414,1018)
0.001564
(419,1016)
0.006402
(422,1016)
0.003233
(427,1015)
0.007096
(429,1015)
0.002828
(433,1014)
0.006387
(434,1013)
0.003393
(437,1013)
0.004772
(438,1012)
0.004564
(441,1012)
0.005454
(444,1010)
0.001605
(447,1010)
0.00722
(449,1009)
0.00254
(454,1009)
0.007024
(455,1008)
0.002047
(459,1007)
0.006938
(461,1007)
0.003988
(467,1006)
0.00733
(469,1006)
0.001722
(473,1005)
0.005908
(477,1005)
0.004693
(480,1004)
0.003782
(481,1004)
0.002353
(484,1003)
0.0
(486,1003)
0.011518
(488,1002)
0.002515
(490,1002)
0.005702
(490,1002)
0.008108
(491,1002)
0.000995
(493,1000)
0.002264
(495,1000)
0.007369
(497,1000)
0.005592
(498,999)
0.005268
(502,998)
0.004797
(503,998)
0.001605
(508,996)
0.002383
(510,995)
0.009229
(517,992)
0.004529
(519,991)
0.003487
(524,988)
0.00726
(524,987)
0.002464
(530,983)
0.007357
(532,982)
0.002616
(537,976)
0.005092
(541,975)
0.004668
(547,968)
0.003515
(550,963)
0.002821
(561,953)
0.008199
(564,947)
0.001696
(575,937)
0.007529
(579,932)
0.001947
(589,915)
0.002799
(593,910)
0.006926
(605,890)
0.006712
(609,883)
0.00261
(622,864)
0.006539
(625,857)
0.004631
(635,835)
0.004636
(639,830)
0.001505
(644,814)
0.007961
(645,809)
0.001199
(653,796)
0.008515
(655,790)
0.001768
(657,783)
0.00646
(659,778)
0.003058
(661,773)
0.215636
(668,757)
0.00461
(669,752)
0.00256
(676,736)
0.007055
(678,727)
0.002733
(683,711)
0.006532
(686,706)
0.003915
(692,691)
0.005498
(694,684)
0.00462
(697,672)
0.004631
(698,670)
0.002684
(699,664)
0.006253
(700,659)
0.000996
(703,654)
0.008578
(704,652)
0.002156
(706,646)
0.006749
(707,645)
0.003162
(708,642)
0.006357
(709,640)
0.003884
(711,635)
0.005723
(713,634)
0.004388
(715,631)
0.005296
(716,629)
0.002065
(717,624)
0.003483
(718,622)
0.004541
(718,620)
0.00781
(719,619)
0.002008
(720,615)
0.007625
(720,615)
0.003249
(721,613)
0.005908
(721,612)
0.003455
(722,609)
0.001862
(722,607)
0.008198
(724,604)
0.00616
(725,602)
0.000996
(725,598)
0.0
(726,595)
0.01033
(726,592)
0.005822
(727,590)
0.001924
(727,585)
0.00773
(727,583)
0.001833
(727,581)
0.008015
(727,581)
0.00261
(728,578)
0.004862
(728,576)
0.004328
(729,572)
0.002487
(729,571)
0.006299
(729,567)
0.005721
(730,564)
0.002803
(731,562)
0.007716
(731,560)
0.001998
(731,557)
0.005627
(731,555)
0.002928
(731,553)
0.006542
(731,552)
0.003365
(731,551)
0.008704
(731,550)
0.006464
(731,550)
0.004391
(731,550)
0.054827
(731,549)
0.001405
(731,548)
0.005118
(730,546)
0.00204
(730,545)
0.010276
(730,543)
0.00635
(730,543)
0.002137
(730,542)
0.002477
(730,541)
0.008495
(730,539)
0.004668
(730,535)
0.004816
(729,532)
0.01499
(729,531)
0.002665
(729,529)
0.001836
(728,527)
0.008078
(728,525)
0.00399
(727,523)
0.003596
(727,522)
0.012041
(727,521)
0.003476
(727,520)
0.010174
(726,519)
0.004874
(726,517)
0.013844
(726,517)
0.005827
(726,516)
0.006973
(726,516)
0.004698
(726,515)
0.003204
(726,514)
0.007551
(724,513)
0.009164
(724,511)
0.010795
(724,510)
0.000993
(724,508)
0.005587
(724,508)
0.002562
(724,506)
0.00949
(724,505)
0.002107
(723,504)
0.005046
(723,503)
0.003854
(723,502)
0.005855
(723,501)
0.004579
(722,500)
0.004347
(722,499)
0.005426
(722,498)
0.003741
(722,497)
0.000996
(722,496)
0.008687
(722,495)
0.003229
(721,494)
0.005648
(721,494)
0.001187
(721,493)
0.008219
(721,491)
0.003786
(720,490)
0.006875
(720,489)
0.008742
(720,488)
0.009746
(719,488)
0.007164
(719,487)
0.012522
(718,486)
0.005682
(718,485)
0.021847
(718,485)
0.005756
(718,484)
0.011965
(717,484)
0.010568
(717,482)
0.014943
(717,481)
0.017685
cl(717,481)
0.65838
pressed 'h'
1.883508
released 'h'
0.061587
pressed 'e'
0.191098
released 'e'
0.080703
pressed 'l'
0.178483
released 'l'
0.081226
pressed 'l'
0.05097
released 'l'
0.089238
pressed 'o'
0.074717
released 'o'
0.080996
(718,481)
0.902913
(726,478)
0.016132
(730,475)
0.002816
(739,471)
0.003134
(745,467)
0.007606
(754,461)
0.002035
(759,457)
0.006771
(769,444)
0.007996
(774,439)
0.003032
(784,428)
0.00437
(791,420)
0.001735
(799,407)
0.007895
(804,403)
0.001947
(812,392)
0.009213
(817,387)
0.001746
(825,374)
0.004991
(831,370)
0.002987
(839,357)
0.007028
(843,352)
0.002992
(854,339)
0.004984
(858,332)
0.004939
(868,321)
0.004985
(870,316)
0.005989
(880,305)
0.002986
(884,299)
0.002184
(891,294)
0.006793
(895,289)
0.002665
(899,283)
0.007188
(901,281)
0.003241
(908,274)
0.004956
(909,272)
0.004034
(914,267)
0.006987
(917,264)
0.002945
(922,260)
0.005028
(925,258)
0.002599
(931,255)
0.007343
(933,252)
0.001978
(935,249)
0.006967
(937,248)
0.001954
(941,246)
0.007025
(942,246)
0.002944
(942,245)
0.006033
(943,244)
0.004942
(944,244)
0.00503
(945,242)
0.00394
(946,241)
0.005431
(949,240)
0.009634
(950,240)
0.001984
(952,239)
0.006986
(952,239)
0.002041
(954,238)
0.006643
(956,238)
0.004285
(961,237)
0.004688
(963,237)
0.004941
(966,237)
0.005034
(969,237)
0.003983
(975,237)
0.005985
(977,237)
0.001952
(983,236)
0.006034
(986,236)
0.001944
(996,233)
0.007026
(999,233)
0.006937
(1012,230)
0.003052
(1015,229)
0.002935
(1028,227)
0.005978
(1034,225)
0.004986
(1045,224)
0.003987
(1049,224)
0.001997
(1057,222)
0.007976
(1061,222)
0.001997
(1074,222)
0.006262
(1077,222)
0.001951
(1088,222)
0.008026
(1092,222)
0.00117
(1103,222)
0.007104
(1106,223)
0.003613
(1116,224)
0.005048
(1119,224)
0.004872
(1128,225)
0.005228
(1130,225)
0.001542
(1136,226)
0.008263
(1138,227)
0.001478
(1148,227)
0.228007
(1154,227)
0.003455
(1163,224)
0.007859
(1166,224)
0.002602
(1172,223)
0.005593
(1177,222)
0.003439
(1180,221)
0.005829
(1182,220)
0.001919
(1184,219)
0.007101
(1187,219)
0.001515
(1189,217)
0.007858
(1191,216)
0.002196
(1195,214)
0.007366
(1196,214)
0.002293
(1201,211)
0.006528
(1202,211)
0.003995
(1209,208)
0.005181
(1211,206)
0.004979
(1216,205)
0.004803
(1220,203)
0.001816
(1227,201)
0.007891
(1229,200)
0.002363
(1235,198)
0.006407
(1237,197)
0.00191
(1242,196)
0.007849
(1245,194)
0.002323
(1249,193)
0.006624
(1249,192)
0.002691
(1251,191)
0.006294
(1255,190)
0.004593
(1257,189)
0.004699
(1258,189)
0.00183
(1260,188)
0.006833
(1261,187)
0.002789
(1265,186)
0.007662
(1268,184)
0.001826
(1271,183)
0.007211
(1273,182)
0.003248
(1277,181)
0.005442
(1279,180)
0.004422
(1283,179)
0.004575
(1286,178)
0.004832
(1289,178)
0.005108
(1291,177)
0.001938
(1295,177)
0.007261
(1297,176)
0.002065
(1300,176)
0.007141
(1301,176)
0.003282
(1302,176)
0.00506
(1302,176)
0.003309
(1303,176)
0.006184
(1304,176)
0.004376
(1306,176)
0.004214
(1307,176)
0.010466
(1308,176)
0.002389
(1308,176)
0.007084
(1308,176)
0.002178
(1309,177)
0.006346
(1310,177)
0.002892
(1313,178)
0.008014
(1315,178)
0.002268
(1318,179)
0.005413
(1319,180)
0.004015
(1322,181)
0.006174
(1325,181)
0.004198
(1329,182)
0.004182
(1330,184)
0.002077
(1333,185)
0.007953
(1334,185)
0.002023
(1337,186)
0.007076
(1339,187)
0.001973
(1341,188)
0.007451
(1343,189)
0.009382
(1344,190)
0.004443
(1346,191)
0.00424
(1346,191)
0.004704
(1348,194)
0.004655
(1349,194)
0.002095
(1350,195)
0.007255
(1351,196)
0.001906
(1353,197)
0.006982
(1355,198)
0.003737
(1356,199)
0.005457
(1357,199)
0.002394
(1358,200)
0.007303
(1359,200)
0.003696
(1360,201)
0.008049
(1361,201)
0.006485
(1361,203)
0.009553
(1362,203)
0.001916
(1364,204)
0.016361
(1365,206)
0.009362
(1366,206)
0.001649
(1367,208)
0.006667
(1367,208)
0.002375
(1368,210)
0.007017
(1369,210)
0.001664
(1370,213)
0.006746
(1370,214)
0.00241
(1371,214)
0.006956
(1373,215)
0.008908
(1374,215)
0.005245
(1374,216)
0.002825
(1374,217)
0.00313
(1375,217)
0.007227
(1375,217)
0.009917
(1375,218)
0.009456
(1376,218)
0.009108
(1376,218)
0.045107
cl(1376,218)
0.695271
(1375,220)
0.636192
(1374,222)
0.001855
(1370,229)
0.005001
(1368,231)
0.004386
(1362,236)
0.004413
(1360,238)
0.001539
(1351,246)
0.008046
(1349,250)
0.001828
(1342,258)
0.009836
(1337,262)
0.002347
(1327,273)
0.003064
(1322,277)
0.003088
(1309,287)
0.002635
(1304,291)
0.009627
(1293,300)
0.004501
(1289,304)
0.000728
(1279,310)
0.008233
(1276,313)
0.002332
(1267,317)
0.007624
(1263,320)
0.001693
(1257,325)
0.007406
(1253,326)
0.000951
(1248,330)
0.007684
(1245,332)
0.002306
(1237,337)
0.006354
(1235,338)
0.005091
(1227,344)
0.002921
(1225,345)
0.006741
(1217,352)
0.004673
(1214,354)
0.001835
(1208,359)
0.002835
(1204,362)
0.009104
(1199,366)
0.003248
(1197,369)
0.003209
(1189,375)
0.008485
(1187,376)
0.002082
(1182,381)
0.005805
(1178,384)
0.003667
(1173,389)
0.005412
(1171,391)
0.002132
(1166,393)
0.007395
(1164,394)
0.001819
(1161,397)
0.007241
(1160,399)
0.002179
(1155,399)
0.003618
(1155,399)
0.00827
(1153,399)
0.003035
(1151,399)
0.003998
(1149,400)
0.008553
(1146,400)
0.003331
(1142,400)
0.003661
(1142,400)
0.001906
(1140,401)
0.008562
(1136,401)
0.001894
(1134,404)
0.007545
(1132,405)
0.002185
(1129,407)
0.007046
(1126,409)
0.001524
(1122,413)
0.006845
(1120,415)
0.003646
(1117,417)
0.005423
(1113,420)
0.003995
(1110,424)
0.004946
(1108,425)
0.003136
(1101,429)
0.006488
(1099,430)
0.001998
(1095,435)
0.007838
(1093,436)
0.00295
(1088,439)
0.005891
(1088,440)
0.001952
(1085,444)
0.007163
(1085,445)
0.003543
(1083,447)
0.005985
(1081,449)
0.003639
(1078,451)
0.005791
(1077,454)
0.001785
(1074,457)
0.007625
(1073,458)
0.00159
(1069,461)
0.007351
(1068,462)
0.002171
(1066,466)
0.006845
(1065,468)
0.002418
(1063,470)
0.007028
(1059,473)
0.002879
(1057,477)
0.006805
(1057,478)
0.003753
(1055,481)
0.004954
(1054,482)
0.002014
(1052,485)
0.007351
(1051,487)
0.001533
(1049,489)
0.009197
(1048,490)
0.001889
(1047,492)
0.006458
(1046,493)
0.001889
(1045,496)
0.007562
(1045,496)
0.002447
(1044,498)
0.00541
(1044,499)
0.004909
(1043,501)
0.003471
(1042,501)
0.002602
(1040,505)
0.008814
(1039,505)
0.001388
(1038,507)
0.003569
(1038,508)
0.006778
(1037,509)
0.003113
(1036,509)
0.005961
(1036,511)
0.004246
(1035,512)
0.00595
(1034,513)
0.005029
(1034,514)
0.009307
(1033,514)
0.001732
(1033,515)
0.007804
(1031,516)
0.001863
(1031,517)
0.009901
(1031,518)
0.015937
(1030,518)
0.018384
(1030,518)
0.079154
(1030,517)
0.050874
cl(1030,517)
0.391608
pressed 'q'
1.441275
