
(1443,471)

(1442,471)
0.035759
(1442,470)
0.028482
(1441,470)
0.010516
(1441,470)
0.007468
(1440,470)
0.017901
(1440,469)
0.010272
(1440,468)
0.017184
(1439,468)
0.021191
(1438,468)
0.023434
(1437,468)
0.020311
(1435,468)
0.026417
(1434,468)
0.019714
(1434,467)
0.090801
(1434,467)
0.637975
(1433,467)
0.001001
(1432,467)
0.014717
(1431,467)
0.003378
(1430,467)
0.014712
(1429,467)
0.006588
(1428,468)
0.009669
(1428,469)
0.009246
(1426,469)
0.002031
(1425,469)
0.007663
(1423,469)
0.003195
(1423,469)
0.009812
(1421,470)
0.004329
(1420,470)
0.003795
(1418,471)
0.005684
(1417,471)
0.001648
(1416,472)
0.007932
(1415,473)
0.001318
(1413,476)
0.006762
(1412,476)
0.003987
(1410,478)
0.0059
(1409,478)
0.003208
(1406,480)
0.005343
(1406,481)
0.004307
(1404,483)
0.004585
(1403,483)
0.002026
(1403,486)
0.005917
(1402,486)
0.003133
(1401,487)
0.007147
(1400,488)
0.0107
(1398,489)
0.003006
(1397,490)
0.004928
(1396,491)
0.009018
(1396,492)
0.011092
(1395,492)
0.002151
(1394,494)
0.005872
(1393,494)
0.002982
(1392,494)
0.005572
(1392,495)
0.003871
(1391,496)
0.004953
(1389,496)
0.001984
(1388,497)
0.006984
(1388,497)
0.002125
(1387,498)
0.006852
(1386,499)
0.003035
(1385,499)
0.005948
(1384,500)
0.004975
(1383,500)
0.004477
(1383,500)
0.002122
(1383,500)
0.008359
(1381,502)
0.01606
(1380,502)
0.0201
(1379,503)
0.00788
(1378,503)
0.007977
(1378,504)
0.004034
(1377,504)
0.006028
(1376,504)
0.003979
(1375,505)
0.003988
(1375,505)
0.002486
(1374,506)
0.007643
(1371,506)
0.00912
(1371,507)
0.002992
(1369,507)
0.006029
(1367,509)
0.010634
(1367,509)
0.003004
(1365,511)
0.004032
(1364,512)
0.00195
(1361,514)
0.007874
(1361,515)
0.00366
(1359,516)
0.00667
(1358,517)
0.001955
(1358,518)
0.005982
(1357,518)
0.003985
(1355,520)
0.004027
(1353,521)
0.001987
(1314,533)
0.261391
(1301,541)
0.004037
(1251,555)
0.00498
(1234,563)
0.001962
(1184,577)
0.00797
(1165,584)
0.001421
(1111,602)
0.007332
(1093,607)
0.002323
(1048,623)
0.007109
(1032,630)
0.003039
(990,645)
0.006199
(975,650)
0.00398
(939,663)
0.003947
(925,667)
0.002267
(896,675)
0.008064
(885,680)
0.00194
(856,686)
0.009107
(844,687)
0.001984
(813,691)
0.00404
(804,692)
0.00395
(774,692)
0.005898
(764,694)
0.002141
(742,693)
0.006838
(732,693)
0.002003
(713,690)
0.007085
(707,689)
0.002827
(676,702)
0.191263
(664,710)
0.002991
(623,735)
0.00648
(608,743)
0.003952
(573,769)
0.005877
(561,777)
0.004682
(523,804)
0.004716
(512,813)
0.001992
(473,842)
0.006733
(460,852)
0.001992
(431,878)
0.006434
(420,887)
0.002746
(396,907)
0.006709
(385,915)
0.003988
(368,930)
0.005057
(360,936)
0.001612
(345,951)
0.007694
(338,959)
0.002236
(323,974)
0.007508
(317,979)
0.00178
(304,993)
0.006569
(300,998)
0.003485
(289,1009)
0.006025
(285,1013)
0.004301
(278,1022)
0.004756
(274,1024)
0.00231
(273,1027)
0.230262
(272,1029)
0.002839
(270,1036)
0.004836
(269,1038)
0.001723
(267,1042)
0.007542
(267,1043)
0.001997
(266,1049)
0.003144
(263,1050)
0.00832
(262,1053)
0.005178
(262,1054)
0.003699
(262,1055)
0.002731
(262,1056)
0.006719
(262,1057)
0.005717
(262,1057)
0.043713
(262,1056)
0.035748
(262,1055)
0.032252
cl(262,1055)
0.483828
cl(262,1055)
1.016684
pressed 'h'
0.477328
