
(1443,473)
0.2872011661529541
(1442,473)
0.024872779846191406
(1441,473)
0.031162738800048828
(1440,473)
0.031097888946533203
(1439,473)
0.022195100784301758
(1439,474)
0.0
(1439,475)
0.07817745208740234
(1438,475)
0.053655385971069336
(1438,475)
0.015328168869018555
(1437,475)
0.031511545181274414
(1436,476)
0.02161550521850586
(1434,476)
0.015864133834838867
(1425,477)
0.6173391342163086
(1421,477)
0.0
(1411,479)
0.015827178955078125
(1404,479)
0.0
(1388,482)
0.0
(1382,483)
0.0
(1364,483)
0.021449804306030273
(1355,484)
0.004225254058837891
(1337,486)
0.004866361618041992
(1327,486)
0.003755807876586914
(1307,486)
0.005628347396850586
(1297,488)
0.0009942054748535156
(1275,489)
0.007523298263549805
(1265,489)
0.0019989013671875
(1240,491)
0.006438255310058594
(1228,491)
0.002463102340698242
(1191,493)
0.0070841312408447266
(1179,493)
0.002345561981201172
(1137,495)
0.006853342056274414
(1123,495)
0.004008293151855469
(1072,495)
0.005438327789306641
(1056,495)
0.0009465217590332031
(1007,495)
0.007970094680786133
(989,495)
0.0020079612731933594
(941,492)
0.007788419723510742
(923,491)
0.0009455680847167969
(879,484)
0.007781028747558594
(861,483)
0.0018928050994873047
(823,470)
0.006556272506713867
(806,466)
0.003997325897216797
(767,451)
0.0052089691162109375
(753,446)
0.005831480026245117
(710,424)
0.002785921096801758
(695,416)
0.0019881725311279297
(660,392)
0.00693058967590332
(646,385)
0.0009992122650146484
(611,361)
0.007976531982421875
(600,354)
0.0020225048065185547
(574,336)
0.007910728454589844
(565,330)
0.003063201904296875
(549,320)
0.005968332290649414
(540,315)
0.004220724105834961
(527,307)
0.005305767059326172
(522,305)
0.0038018226623535156
(515,302)
0.0051517486572265625
(512,302)
0.0013606548309326172
(509,302)
0.3335103988647461
(499,302)
0.01638317108154297
(498,302)
0.0021414756774902344
(490,302)
0.006291389465332031
(485,302)
0.003133058547973633
(481,302)
0.005249977111816406
(479,302)
0.004569292068481445
(473,302)
0.004584789276123047
(471,302)
0.0014810562133789062
(465,302)
0.007907390594482422
(463,302)
0.0017938613891601562
(460,302)
0.0069904327392578125
(458,302)
0.0022852420806884766
(454,302)
0.008209228515625
(453,302)
0.0032165050506591797
(450,302)
0.005166292190551758
(448,302)
0.005050182342529297
(442,302)
0.003725767135620117
(440,302)
0.0019958019256591797
(435,302)
0.0077669620513916016
(432,302)
0.0009546279907226562
(428,303)
0.008025884628295898
(424,303)
0.0021331310272216797
(417,303)
0.006943702697753906
(415,303)
0.0028574466705322266
(409,304)
0.006838321685791016
(407,304)
0.0026557445526123047
(402,304)
0.005243062973022461
(399,304)
0.0019927024841308594
(397,304)
0.007371187210083008
(395,304)
0.0009965896606445312
(393,304)
0.003505706787109375
(393,304)
0.0
(392,304)
0.013064861297607422
(390,304)
0.017087936401367188
(389,301)
0.548119306564331
(389,300)
0.0
(388,295)
0.020123004913330078
(387,294)
0.0024666786193847656
(387,291)
0.006339073181152344
(387,289)
0.002185821533203125
(387,284)
0.006474018096923828
(387,282)
0.003906726837158203
(389,278)
0.005198955535888672
(390,274)
0.003933429718017578
(397,268)
0.003437042236328125
(399,266)
0.0
(407,257)
0.0
(411,255)
0.013188838958740234
(422,246)
0.006973743438720703
(427,243)
0.0029904842376708984
(440,238)
0.006142616271972656
(445,234)
0.0029921531677246094
(460,229)
0.005983114242553711
(466,228)
0.00398564338684082
(481,225)
0.004891395568847656
(485,223)
0.0009982585906982422
(499,223)
0.004277229309082031
(504,223)
0.0
(515,224)
0.013652324676513672
(521,225)
0.001973867416381836
(530,230)
0.0008008480072021484
(535,232)
0.010533571243286133
(541,241)
0.003523111343383789
(544,243)
0.0
(551,255)
0.0
(554,258)
0.0
(556,267)
0.014899969100952148
(558,272)
0.0
(561,283)
0.0
(561,289)
0.015158653259277344
(559,299)
0.0017406940460205078
(559,304)
0.0
(554,313)
0.014030694961547852
(553,318)
0.0028634071350097656
(544,327)
0.0
(540,333)
0.0
(529,339)
0.015966415405273438
(526,342)
0.0
(515,348)
0.0
(510,350)
0.0
(499,356)
0.016147613525390625
(495,357)
0.0
(480,359)
0.0
(476,360)
0.014804363250732422
(462,360)
0.0022966861724853516
(456,360)
0.0
(440,360)
0.0
(435,360)
0.0
(421,359)
0.015977144241333008
(415,359)
0.0
(401,356)
0.016376972198486328
(395,352)
0.001958131790161133
(383,349)
0.005982637405395508
(378,347)
0.0039920806884765625
(365,342)
0.004629850387573242
(362,340)
0.0010764598846435547
(352,333)
0.0
(349,329)
0.0
(340,322)
0.015732765197753906
(337,318)
0.0
(330,310)
0.0
(329,308)
0.0
(327,300)
0.016290664672851562
(326,297)
0.0
(324,289)
0.0
(323,287)
0.015850305557250977
(323,281)
0.000827789306640625
(322,276)
0.0
(323,270)
0.0
(323,265)
0.0
(325,261)
0.016378402709960938
(326,257)
0.0
(333,251)
0.016076326370239258
(335,248)
0.0011162757873535156
(341,245)
0.0
(345,241)
0.0
(354,237)
0.017471790313720703
(356,235)
0.002941131591796875
(365,232)
0.0014202594757080078
(369,230)
0.0
(381,228)
0.011555671691894531
(386,227)
0.0
(400,225)
0.0
(404,225)
0.0
(417,226)
0.015961647033691406
(420,226)
0.0
(433,229)
0.0
(440,231)
0.01699995994567871
(452,234)
0.0
(459,236)
0.0
(469,242)
0.0
(473,243)
0.01570606231689453
(478,251)
0.0008778572082519531
(483,254)
0.0
(489,261)
0.01587367057800293
(491,263)
0.0007107257843017578
(495,269)
0.0
(495,273)
0.0
(496,279)
0.017000675201416016
(496,283)
0.001238107681274414
(496,290)
0.0
(494,292)
0.0
(488,300)
0.01630854606628418
(486,303)
0.0
(479,311)
0.0
(476,314)
0.0
(468,319)
0.01686549186706543
(464,322)
0.0
(453,329)
0.0
(449,331)
0.015386104583740234
(434,338)
0.0010457038879394531
(429,339)
0.0
(417,342)
0.0
(410,343)
0.014659881591796875
(400,345)
0.005409717559814453
(394,345)
0.0
(382,346)
0.011375665664672852
(377,347)
0.0029897689819335938
(365,347)
0.003081083297729492
(360,347)
0.0
(349,346)
0.011527061462402344
(346,345)
0.004730224609375
(338,341)
0.0
(336,340)
0.0
(328,333)
0.013978958129882812
(326,331)
0.0019941329956054688
(322,326)
0.0005538463592529297
(320,322)
0.0
(316,317)
0.01498103141784668
(316,315)
0.004022359848022461
(313,309)
0.0059511661529541016
(313,307)
0.0035886764526367188
(313,303)
0.0
(313,299)
0.0
(314,293)
0.0
(314,291)
0.017015695571899414
(319,283)
0.0
(321,280)
0.0
(325,270)
0.015407085418701172
(328,268)
0.0014567375183105469
(336,258)
0.0
(338,256)
0.0
(350,248)
0.016086578369140625
(353,244)
0.0
(366,234)
0.0
(369,232)
0.0
(382,226)
0.018707275390625
(387,224)
0.002385377883911133
(400,216)
0.0013170242309570312
(407,213)
0.0
(423,210)
0.010872125625610352
(430,209)
0.0
(444,205)
0.0
(450,204)
0.01682758331298828
(459,204)
0.0
(462,204)
0.0
(470,204)
0.015607833862304688
(473,204)
0.0008487701416015625
(479,208)
0.0
(483,209)
0.0
(489,213)
0.016544818878173828
(491,214)
0.0
(495,219)
0.0
(497,221)
0.0
(501,226)
0.01902914047241211
(502,228)
0.0
(503,236)
0.0
(503,239)
0.0
(503,250)
0.018871784210205078
(503,253)
0.002039670944213867
(500,266)
0.0
(499,273)
0.010730504989624023
(492,285)
0.004895687103271484
(490,290)
0.0
(485,303)
0.0
(483,306)
0.013438701629638672
(476,316)
0.003448009490966797
(474,319)
0.0
(467,328)
0.010275840759277344
(465,330)
0.001994609832763672
(458,335)
0.0004115104675292969
(453,336)
0.0
(443,342)
0.015277385711669922
(438,344)
0.0009119510650634766
(426,345)
0.0
(422,345)
0.0
(412,345)
0.017665863037109375
(408,345)
0.0009970664978027344
(397,343)
0.0049359798431396484
(393,342)
0.0
(380,337)
0.011770248413085938
(375,335)
0.0026929378509521484
(363,330)
0.0
(358,328)
0.00999760627746582
(348,318)
0.006124734878540039
(343,315)
0.0
(336,307)
0.0
(333,304)
0.010457277297973633
(328,299)
0.007981300354003906
(326,295)
0.0
(324,291)
0.00982046127319336
(323,289)
0.000997304916381836
(322,282)
0.004796266555786133
(321,280)
0.0
(321,273)
0.01181173324584961
(321,270)
0.003012418746948242
(321,264)
0.005957841873168945
(321,260)
0.004085063934326172
(322,254)
0.004435539245605469
(323,249)
0.0010254383087158203
(327,242)
0.00293731689453125
(330,240)
0.0
(336,232)
0.01490330696105957
(340,230)
0.0019636154174804688
(350,221)
0.006981611251831055
(353,219)
0.004025936126708984
(364,212)
0.0013697147369384766
(370,208)
0.0
(384,203)
0.0
(391,201)
0.01498556137084961
(409,197)
0.0
(414,195)
0.0
(432,193)
0.01729583740234375
(440,192)
0.0
(458,190)
0.0
(467,190)
0.0
(483,192)
0.015742778778076172
(489,192)
0.0
(503,197)
0.0
(510,200)
0.015961885452270508
(523,205)
0.0011093616485595703
(530,207)
0.0
(542,214)
0.0
(546,216)
0.0
(554,221)
0.019545793533325195
(556,226)
0.0
(560,232)
0.0
(561,234)
0.015738725662231445
(563,243)
0.0049855709075927734
(563,246)
0.003989458084106445
(563,255)
0.005052804946899414
(562,260)
0.0012531280517578125
(559,271)
0.0
(558,277)
0.0
(549,286)
0.017042160034179688
(546,291)
0.002993345260620117
(535,301)
0.005979776382446289
(532,303)
0.002104043960571289
(521,310)
0.006983280181884766
(517,312)
0.0033664703369140625
(504,320)
0.005118846893310547
(499,322)
0.005368471145629883
(487,325)
0.0039942264556884766
(484,326)
0.0016083717346191406
(471,328)
0.009044408798217773
(464,329)
0.0023293495178222656
(451,329)
0.005749940872192383
(446,329)
0.002991914749145508
(435,329)
0.007517099380493164
(431,329)
0.003582000732421875
(420,326)
0.004706621170043945
(413,325)
0.0038907527923583984
(404,322)
0.0051708221435546875
(402,318)
0.000997781753540039
(393,316)
0.007510662078857422
(389,314)
0.0014111995697021484
(383,311)
0.007440805435180664
(381,310)
0.0019943714141845703
(378,305)
0.002805471420288086
(378,304)
0.0
(375,301)
0.012823820114135742
(374,300)
0.002760171890258789
(374,296)
0.0
(374,294)
0.011879920959472656
(375,289)
0.001439809799194336
(375,285)
0.0
(380,278)
0.0
(381,275)
0.0
(387,265)
0.019497156143188477
(390,262)
0.0
(400,251)
0.0
(405,248)
0.013560295104980469
(416,237)
0.0
(421,233)
0.0
(436,223)
0.015434503555297852
(442,219)
0.0009844303131103516
(456,209)
0.004481792449951172
(462,205)
0.0
(475,197)
0.012169122695922852
(481,195)
0.0019953250885009766
(490,192)
0.0016620159149169922
(495,191)
0.0
(503,191)
0.01308751106262207
(509,189)
0.0
(520,190)
0.0
(524,191)
0.01635885238647461
(533,192)
0.0010328292846679688
(536,193)
0.0
(541,196)
0.0
(544,198)
0.01634049415588379
(548,202)
0.004526615142822266
(550,204)
0.0
(552,207)
0.0
(552,210)
0.014971733093261719
(554,215)
0.0038738250732421875
(554,217)
0.0
(554,225)
0.00970768928527832
(554,227)
0.0018496513366699219
(550,238)
0.0
(549,241)
0.0
(539,251)
0.014664649963378906
(537,254)
0.0
(527,263)
0.0
(523,266)
0.0
(510,276)
0.01641988754272461
(507,278)
0.0
(496,284)
0.0
(490,288)
0.017361879348754883
(480,291)
0.0
(473,292)
0.0
(463,292)
0.0
(457,293)
0.014636993408203125
(444,291)
0.005471229553222656
(440,291)
0.0
(429,289)
0.011482715606689453
(425,285)
0.0019965171813964844
(415,280)
0.0
(411,279)
0.0
(405,276)
0.015575885772705078
(403,272)
0.0019600391387939453
(399,267)
0.0018804073333740234
(398,266)
0.0
(396,261)
0.013247013092041016
(396,259)
0.0
(393,253)
0.0
(392,249)
0.014766216278076172
(392,243)
0.005883693695068359
(392,239)
0.0
(392,230)
0.0
(392,225)
0.011838436126708984
(395,212)
0.0060443878173828125
(395,208)
0.0
(401,195)
0.009414434432983398
(405,190)
0.0019965171813964844
(413,177)
0.0041086673736572266
(417,173)
0.0
(426,162)
0.01146078109741211
(428,159)
0.002141714096069336
(438,152)
0.0
(440,149)
0.0
(452,143)
0.015488386154174805
(456,142)
0.000997304916381836
(467,140)
0.0028181076049804688
(470,139)
0.0
(479,139)
0.013383150100708008
(484,139)
0.0
(491,140)
0.0
(495,141)
0.01535177230834961
(500,146)
0.004464864730834961
(505,148)
0.0
(510,154)
0.0
(512,157)
0.012290000915527344
(518,164)
0.004804849624633789
(519,166)
0.0
(523,175)
0.011890411376953125
(524,179)
0.001960277557373047
(525,189)
0.0029745101928710938
(525,193)
0.0
(525,204)
0.012431859970092773
(524,210)
0.0034027099609375
(519,219)
0.0
(516,226)
0.0
(507,235)
0.014306068420410156
(505,238)
0.0010716915130615234
(495,245)
0.0
(491,251)
0.0
(478,257)
0.0162355899810791
(475,259)
0.0
(462,266)
0.0
(455,269)
0.01394510269165039
(439,272)
0.0031833648681640625
(433,274)
0.0
(416,280)
0.0
(408,282)
0.01352691650390625
(391,285)
0.0075452327728271484
(385,286)
0.0010514259338378906
(371,286)
0.008113861083984375
(363,286)
0.0019958019256591797
(352,286)
0.006025075912475586
(346,284)
0.002948760986328125
(334,283)
0.006512641906738281
(330,282)
0.003990888595581055
(322,279)
0.002483367919921875
(320,278)
0.0
(317,275)
0.011206865310668945
(315,274)
0.0009975433349609375
(311,270)
0.008975744247436523
(310,267)
0.0009982585906982422
(309,261)
0.00763702392578125
(309,259)
0.0014274120330810547
(309,250)
0.0
(309,246)
0.01240396499633789
(315,235)
0.004352569580078125
(316,230)
0.0
(323,218)
0.0
(324,211)
0.01218271255493164
(334,192)
0.004520893096923828
(338,187)
0.0
(350,172)
0.012169122695922852
(354,165)
0.0009915828704833984
(367,152)
0.006980180740356445
(371,148)
0.002991914749145508
(380,141)
0.005831003189086914
(383,137)
0.0015671253204345703
(392,133)
0.0
(394,131)
0.013116121292114258
(399,128)
0.00096893310546875
(404,126)
0.0
(411,124)
0.0
(414,124)
0.0
(422,125)
0.016233205795288086
(426,125)
0.0
(434,129)
0.0
(436,130)
0.01821279525756836
(444,132)
0.0
(447,133)
0.0
(454,137)
0.014622211456298828
(456,141)
0.001155853271484375
(461,146)
0.0
(466,148)
0.0
(472,157)
0.01617598533630371
(474,159)
0.0
(478,167)
0.006012916564941406
(479,169)
0.0
(482,174)
0.010457992553710938
(483,178)
0.0
(484,182)
0.0
(485,185)
0.016689777374267578
(485,190)
0.0
(485,191)
0.0
(485,195)
0.0
(485,197)
0.0
(481,203)
0.01648855209350586
(480,204)
0.0
(475,209)
0.0
(473,212)
0.018096446990966797
(465,216)
0.006475687026977539
(460,218)
0.0
(448,226)
0.008274078369140625
(444,229)
0.0029909610748291016
(431,233)
0.0015213489532470703
(427,234)
0.0
(410,239)
0.014216899871826172
(404,240)
0.001996278762817383
(388,244)
0.005529880523681641
(383,245)
0.0
(367,245)
0.010095596313476562
(359,246)
0.002778291702270508
(343,246)
0.0
(337,246)
0.0
(324,246)
0.01525568962097168
(320,246)
0.0
(310,243)
0.0
(307,242)
0.0
(301,238)
0.019123077392578125
(298,236)
0.001995086669921875
(295,234)
0.006159067153930664
(292,232)
0.002354860305786133
(291,226)
0.0
(290,225)
0.0
(290,219)
0.016617298126220703
(290,216)
0.0
(293,206)
0.0
(295,201)
0.0
(302,190)
0.016751527786254883
(306,183)
0.0
(315,172)
0.006689548492431641
(319,169)
0.0
(328,157)
0.009994029998779297
(332,155)
0.0
(343,147)
0.0
(348,143)
0.016598224639892578
(363,134)
0.0
(370,129)
0.0
(385,122)
0.0
(390,120)
0.015622377395629883
(405,112)
0.002707242965698242
(410,109)
0.0
(424,106)
0.01547694206237793
(430,105)
0.0011265277862548828
(444,105)
0.0
(449,103)
0.0
(457,104)
0.018144845962524414
(461,105)
0.0
(465,106)
0.0
(466,107)
0.0
(469,109)
0.017122983932495117
(470,109)
0.0019927024841308594
(471,112)
0.004518270492553711
(471,113)
0.010902166366577148
(471,114)
0.012768268585205078
(471,114)
0.015591144561767578
(471,115)
0.03395819664001465
(471,115)
0.05128359794616699
(470,115)
0.016693592071533203
(470,115)
0.019520282745361328
(477,115)
0.6244268417358398
(482,116)
0.0
(498,117)
0.010417461395263672
(503,117)
0.0037555694580078125
(522,119)
0.00026607513427734375
(532,119)
0.006030082702636719
(562,121)
0.005292177200317383
(571,122)
0.0
(613,122)
0.0
(627,122)
0.013826370239257812
(676,124)
0.0059506893157958984
(695,124)
0.004313230514526367
(752,124)
0.004837751388549805
(774,124)
0.0008573532104492188
(844,123)
0.007699489593505859
(870,121)
0.0012176036834716797
(968,112)
0.008094549179077148
(998,110)
0.0023717880249023438
(1105,100)
0.0072400569915771484
(1139,96)
0.0017724037170410156
(1258,86)
0.006767988204956055
(1301,79)
0.000461578369140625
(1420,69)
0.0
(1463,65)
0.013643026351928711
(1578,49)
0.003989219665527344
(1620,46)
0.0009770393371582031
(1723,34)
0.004687786102294922
(1762,29)
0.0
(1857,17)
0.011652231216430664
(1886,15)
0.0
(1978,3)
0.011123895645141602
(1949,1)
0.0023698806762695312
(1998,-14)
0.0
(1941,-2)
0.0
(1971,-6)
0.018152236938476562
(1940,-5)
0.00208282470703125
(1971,-5)
0.0
(1937,-2)
0.0
(1961,-2)
0.012741327285766602
(1937,0)
0.0
(1952,0)
0.0
(1929,0)
0.0
(1947,-2)
0.01717519760131836
(1931,0)
0.0
(1937,-1)
0.0
(1926,0)
0.016384601593017578
(1931,0)
0.001027822494506836
(1923,0)
0.0
(1925,0)
0.013265848159790039
(1922,0)
0.0011577606201171875
(1920,1)
0.0010199546813964844
(1921,1)
0.0
(1918,1)
0.0166928768157959
(1917,1)
0.0
(1916,1)
0.01579570770263672
(1916,1)
0.0
(1913,1)
0.0
(1912,1)
0.0
(1904,1)
0.019258975982666016
(1901,1)
0.0019960403442382812
(1881,4)
0.0006275177001953125
(1875,4)
0.0
(1847,6)
0.016475439071655273
(1839,7)
0.0027310848236083984
(1802,11)
0.00615382194519043
(1788,11)
0.004426240921020508
(1739,13)
0.00420832633972168
(1721,15)
0.0019578933715820312
(1666,17)
0.007845163345336914
(1647,17)
0.0019936561584472656
(1592,22)
0.003499269485473633
(1574,24)
0.0
(1522,26)
0.011796712875366211
(1506,27)
0.00299072265625
(1466,32)
0.0011925697326660156
(1450,33)
0.0
(1428,35)
0.014451980590820312
(1416,35)
0.001001119613647461
(1402,37)
0.0
(1397,37)
0.0
(1394,38)
0.01741933822631836
(1391,38)
0.0
(1393,38)
0.019402503967285156
(1394,38)
0.001775503158569336
(1399,38)
0.0075092315673828125
(1402,38)
0.0029909610748291016
(1422,36)
0.005960226058959961
(1432,36)
0.004368305206298828
(1488,24)
0.004770040512084961
(1506,21)
0.0009646415710449219
(1573,11)
0.0018525123596191406
(1597,6)
0.0
(1680,-6)
0.015680551528930664
(1707,-4)
0.001804351806640625
(1779,-12)
0.008255243301391602
(1799,-1)
0.003822803497314453
(1839,-5)
0.005866289138793945
(1853,-1)
0.003987789154052734
(1873,0)
0.00394892692565918
(1881,0)
0.004934072494506836
(1884,1)
0.003985404968261719
(1886,2)
0.0019960403442382812
(1886,5)
0.008029460906982422
(1886,6)
0.0010123252868652344
(1880,12)
0.007514476776123047
(1875,18)
0.0026977062225341797
(1831,45)
0.00645899772644043
(1815,53)
0.0016794204711914062
(1742,88)
0.0
(1715,103)
0.008507728576660156
(1624,141)
0.008428335189819336
(1598,151)
0.0018165111541748047
(1535,182)
0.0
(1516,191)
0.0
(1494,206)
0.015786409378051758
(1487,210)
0.0018324851989746094
(1483,212)
0.001302957534790039
(1480,214)
0.0
(1480,214)
0.015233755111694336
(1480,216)
0.0
(1492,218)
0.0
(1499,218)
0.013691425323486328
(1529,218)
0.0
(1541,218)
0.0
(1588,210)
0.014033794403076172
(1606,206)
0.0019943714141845703
(1659,190)
0.0011675357818603516
(1680,185)
0.0
(1725,167)
0.015534400939941406
(1741,160)
0.0
(1769,147)
0.009542226791381836
(1780,142)
0.0
(1785,138)
0.007906436920166016
(1788,136)
0.001589059829711914
(1788,135)
0.0
(1781,135)
0.017261743545532227
(1778,135)
0.00037217140197753906
(1723,148)
0.0
(1699,153)
0.011107921600341797
(1558,187)
0.004172801971435547
(1498,203)
0.0
(1344,244)
0.0
(1283,261)
0.015508413314819336
(1162,294)
0.0035190582275390625
(1117,306)
0.0
(1060,325)
0.011271953582763672
(1042,330)
0.0009603500366210938
(1029,333)
0.008044958114624023
(1024,336)
0.002096891403198242
(1025,337)
0.006440162658691406
(1048,331)
0.009875059127807617
(1059,328)
0.0038499832153320312
(1133,309)
0.004248619079589844
(1166,300)
0.0015685558319091797
(1275,264)
0.008714437484741211
(1321,249)
0.0015947818756103516
(1427,214)
0.0069997310638427734
(1467,204)
0.0013124942779541016
(1553,171)
0.006765127182006836
(1579,161)
0.002995014190673828
(1625,143)
0.007464408874511719
(1640,136)
0.003137350082397461
(1649,130)
0.005706071853637695
(1651,129)
0.0038635730743408203
(1651,128)
0.006208181381225586
(1651,127)
0.001999378204345703
(1648,127)
0.007975339889526367
(1646,128)
0.002007007598876953
(1622,135)
0.0059664249420166016
(1614,138)
0.0020008087158203125
(1575,153)
0.006982326507568359
(1558,158)
0.0029931068420410156
(1531,170)
0.006031036376953125
(1518,175)
0.003207683563232422
(1504,181)
0.005027055740356445
(1500,184)
0.0050318241119384766
(1495,187)
0.004378080368041992
(1495,187)
0.0019969940185546875
(1495,187)
0.01736736297607422
(1501,186)
0.008846521377563477
(1503,185)
0.0040323734283447266
(1521,180)
0.005995273590087891
(1529,177)
0.0039310455322265625
(1573,171)
0.003992557525634766
(1589,168)
0.0009925365447998047
(1636,156)
0.00705718994140625
(1653,152)
0.0027179718017578125
(1691,143)
0.007582664489746094
(1705,138)
0.0016319751739501953
(1724,128)
0.007035255432128906
(1733,125)
0.003381967544555664
(1739,114)
0.005579233169555664
(1741,111)
0.00446772575378418
(1741,108)
0.004024028778076172
(1741,106)
0.0019636154174804688
(1734,103)
0.008349180221557617
(1732,102)
0.001531362533569336
(1716,102)
0.0071604251861572266
(1708,102)
0.0016989707946777344
(1690,107)
0.007795095443725586
(1683,110)
0.003003358840942383
(1671,115)
0.00570988655090332
(1666,117)
0.0026268959045410156
(1660,123)
0.006254673004150391
(1658,124)
0.0050220489501953125
(1658,125)
0.0015799999237060547
(1658,125)
0.0
(1661,125)
0.011438608169555664
(1664,125)
0.0
(1682,127)
0.0
(1688,128)
0.0
(1719,128)
0.017265796661376953
(1729,128)
0.0
(1763,125)
0.01016855239868164
(1775,125)
0.005442142486572266
(1809,121)
0.000659942626953125
(1823,118)
0.0
(1844,113)
0.0
(1852,111)
0.0
(1861,109)
0.01634669303894043
(1865,107)
0.0
(1866,107)
0.0
(1867,107)
0.016926050186157227
(1863,107)
0.0
(1860,107)
0.0
(1844,108)
0.016030550003051758
(1835,110)
0.0008356571197509766
(1808,119)
0.0
(1796,123)
0.0
(1765,139)
0.018208742141723633
(1753,142)
0.0011138916015625
(1734,153)
0.0
(1727,155)
0.0
(1722,159)
0.017464399337768555
(1719,161)
0.0029897689819335938
(1717,163)
0.004248380661010742
(1716,163)
0.006202220916748047
(1718,163)
0.0029909610748291016
(1718,164)
0.0009996891021728516
(1722,164)
0.0018513202667236328
(1724,164)
0.0
(1737,164)
0.01137685775756836
(1743,164)
0.0
(1751,164)
0.014104843139648438
(1757,164)
0.0029926300048828125
(1759,164)
0.0019958019256591797
(1760,165)
0.0
(1760,166)
0.01343083381652832
(1758,168)
0.008680105209350586
(1755,170)
0.001451253890991211
(1740,177)
0.007293224334716797
(1734,180)
0.0
(1714,192)
0.0
(1705,195)
0.0
(1683,208)
0.0187985897064209
(1674,211)
0.004244804382324219
(1664,217)
0.005007266998291016
(1659,220)
0.0017926692962646484
(1656,225)
0.008014202117919922
(1655,226)
0.0019445419311523438
(1655,226)
0.007062196731567383
(1656,226)
0.009304285049438477
(1657,226)
0.0026063919067382812
(1667,226)
0.007128000259399414
(1670,226)
0.0026738643646240234
(1687,223)
0.005379438400268555
(1694,222)
0.005174875259399414
(1710,215)
0.004917144775390625
(1719,212)
0.0010902881622314453
(1734,206)
0.006728172302246094
(1739,202)
0.0020012855529785156
(1748,198)
0.007081270217895508
(1751,197)
0.002376556396484375
(1753,194)
0.0072062015533447266
(1753,194)
0.009292364120483398
(1753,194)
0.011111259460449219
(1752,194)
0.007050752639770508
(1751,194)
0.002000093460083008
(1750,192)
0.0077097415924072266
(1750,191)
0.008624553680419922
(1750,188)
0.0089569091796875
(1751,187)
0.0030868053436279297
(1760,178)
0.006195783615112305
(1762,175)
0.003977775573730469
(1774,165)
0.004229545593261719
(1778,160)
0.001005411148071289
(1781,155)
0.008258581161499023
(1784,152)
0.0024557113647460938
(1786,150)
0.0064580440521240234
(1786,149)
0.0031032562255859375
(1784,149)
0.0
(1782,149)
0.010575294494628906
(1767,157)
0.0014340877532958984
(1760,161)
0.0
(1721,181)
0.010505437850952148
(1706,187)
0.0
(1657,213)
0.0072214603424072266
(1637,226)
0.0
(1569,261)
0.0
(1550,272)
0.015645265579223633
(1513,296)
0.0
(1502,304)
0.0
(1495,313)
0.016648530960083008
(1489,317)
0.0022144317626953125
(1489,318)
0.006018877029418945
(1489,319)
0.0009999275207519531
(1492,319)
0.008390188217163086
(1494,319)
0.0014925003051757812
(1512,315)
0.007618904113769531
(1522,312)
0.0013687610626220703
(1567,294)
0.0069119930267333984
(1582,289)
0.003798961639404297
(1639,268)
0.005936145782470703
(1658,258)
0.0046617984771728516
(1744,227)
0.0044193267822265625
(1770,217)
0.0021409988403320312
(1860,186)
0.008641481399536133
(1893,175)
0.001986265182495117
(1966,157)
0.005995512008666992
(1947,149)
0.002980470657348633
(1943,144)
0.00640106201171875
(1932,141)
0.0029904842376708984
(1923,139)
0.005279064178466797
(1921,138)
0.0035910606384277344
(1913,139)
0.006384611129760742
(1908,139)
0.003875255584716797
(1870,146)
0.004186391830444336
(1854,150)
0.0009996891021728516
(1792,164)
0.007190227508544922
(1765,168)
0.002130270004272461
(1672,189)
0.0073125362396240234
(1644,195)
0.0032439231872558594
(1556,217)
0.006036520004272461
(1519,226)
0.004103899002075195
(1459,242)
0.005351066589355469
(1440,247)
0.004148244857788086
(1426,249)
0.005190372467041016
(1422,249)
0.0013003349304199219
(1422,249)
0.007604837417602539
(1421,248)
0.001459360122680664
(1427,242)
0.007410526275634766
(1432,240)
0.002881765365600586
(1463,223)
0.006520748138427734
(1477,217)
0.0033571720123291016
(1532,193)
0.005335807800292969
(1550,186)
0.004616975784301758
(1607,163)
0.004406452178955078
(1629,156)
0.0015137195587158203
(1698,132)
0.0069272518157958984
(1718,127)
0.001966238021850586
(1760,116)
0.007348299026489258
(1772,113)
0.002991914749145508
(1785,110)
0.007097721099853516
(1789,109)
0.003031492233276367
(1791,109)
0.005746603012084961
(1792,108)
0.00453948974609375
(1786,108)
0.004708528518676758
(1784,108)
0.0015900135040283203
(1760,111)
0.007232666015625
(1747,112)
0.0016372203826904297
(1694,126)
0.005440473556518555
(1678,129)
0.0038137435913085938
(1622,146)
0.0027039051055908203
(1601,151)
0.0
(1542,167)
0.013899087905883789
(1518,173)
0.0029354095458984375
(1473,188)
0.0
(1458,191)
0.0
(1448,196)
0.01477670669555664
(1443,197)
0.0019881725311279297
(1446,197)
0.003262042999267578
(1447,197)
0.0
(1472,192)
0.012445926666259766
(1485,187)
0.0026276111602783203
(1556,167)
0.0
(1581,160)
0.0
(1690,134)
0.01630711555480957
(1726,125)
0.0010957717895507812
(1834,106)
0.007970809936523438
(1877,99)
0.0017404556274414062
(1944,93)
0.0056951045989990234
(1940,93)
0.0
(1941,93)
0.009063482284545898
(1926,93)
0.005706310272216797
(1922,95)
0.004904031753540039
(1921,95)
0.0
(1910,102)
0.010835647583007812
(1908,103)
0.0019981861114501953
(1866,117)
0.0024437904357910156
(1850,123)
0.0
(1778,143)
0.01289510726928711
(1750,151)
0.0004990100860595703
(1660,179)
0.0
(1634,191)
0.0
(1573,208)
0.018385648727416992
(1556,214)
0.0014166831970214844
(1538,223)
0.0
(1527,226)
0.011164665222167969
(1525,229)
0.003985881805419922
(1524,229)
0.0010013580322265625
(1527,229)
0.0025527477264404297
(1529,229)
0.0
(1555,219)
0.013187646865844727
(1564,216)
0.0
(1620,199)
0.009187459945678711
(1641,194)
0.005255222320556641
(1706,172)
0.005316972732543945
(1736,162)
0.004853010177612305
(1813,141)
0.005071401596069336
(1838,133)
0.000995635986328125
(1888,115)
0.002009153366088867
(1904,110)
0.0
(1918,105)
0.015326261520385742
(1923,104)
0.003992557525634766
(1923,101)
0.004985809326171875
(1919,100)
0.002984762191772461
(1912,100)
0.0047872066497802734
(1909,100)
0.0
(1876,105)
0.0
(1862,109)
0.0
(1806,120)
0.014848947525024414
(1782,126)
0.0
(1725,142)
0.0
(1707,147)
0.017597198486328125
(1674,157)
0.0052487850189208984
(1665,162)
0.0
(1656,166)
0.007013559341430664
(1654,168)
0.00507354736328125
(1653,168)
0.003464937210083008
(1653,169)
0.0
(1661,169)
0.011122703552246094
(1663,169)
0.0009944438934326172
(1688,162)
0.0061609745025634766
(1700,160)
0.0
(1751,147)
0.011420965194702148
(1771,143)
0.001986265182495117
(1818,132)
0.0013697147369384766
(1834,129)
0.0
(1864,119)
0.013337373733520508
(1874,118)
0.001968860626220703
(1881,115)
0.0016779899597167969
(1884,114)
0.0
(1885,113)
0.01353144645690918
(1878,113)
0.0
(1876,113)
0.014148473739624023
(1849,115)
0.0030782222747802734
(1838,117)
0.0
(1794,128)
0.010504484176635742
(1778,131)
0.004601478576660156
(1740,140)
0.0
(1726,143)
0.0
(1709,148)
0.015134811401367188
(1703,149)
0.001994609832763672
(1700,149)
0.0018382072448730469
(1699,150)
0.0
(1700,150)
0.013928413391113281
(1701,150)
0.0039255619049072266
(1713,146)
0.0
(1720,145)
0.0
(1746,137)
0.014641523361206055
(1758,134)
0.0009968280792236328
(1780,125)
0.0004649162292480469
(1790,122)
0.0
(1803,119)
0.016299962997436523
(1807,118)
0.0012066364288330078
(1810,118)
0.0
(1814,117)
0.011523008346557617
(1815,117)
0.0032854080200195312
(1810,119)
0.01026773452758789
(1808,121)
0.0029120445251464844
(1796,130)
0.0025882720947265625
(1793,133)
0.0
(1784,139)
0.014229059219360352
(1780,143)
0.0027310848236083984
(1778,145)
0.0
(1777,148)
0.0
(1776,150)
0.014923572540283203
(1776,151)
0.0023581981658935547
(1777,151)
0.0
(1778,152)
0.0
(1786,153)
0.01744222640991211
(1789,153)
0.002942800521850586
(1803,153)
0.005984783172607422
(1808,153)
0.001992940902709961
(1822,153)
0.003389120101928711
(1828,153)
0.0
(1835,150)
0.0
(1838,149)
0.01780414581298828
(1839,148)
0.0
(1839,145)
0.011012077331542969
(1828,143)
0.0037910938262939453
(1825,141)
0.0
(1804,141)
0.01654672622680664
(1791,140)
0.002103567123413086
(1767,141)
0.0
(1756,142)
0.0
(1738,145)
0.01480865478515625
(1734,145)
0.0009875297546386719
(1724,147)
0.004812002182006836
(1721,147)
0.0
(1720,147)
0.012625455856323242
(1719,147)
0.0
(1724,145)
0.015795469284057617
(1726,144)
0.0
(1742,138)
0.0
(1752,135)
0.0
(1773,130)
0.017681121826171875
(1781,127)
0.0
(1805,120)
0.011161565780639648
(1815,117)
0.0032880306243896484
(1834,113)
0.007017374038696289
(1842,112)
0.002294778823852539
(1852,110)
0.00648951530456543
(1859,110)
0.004113197326660156
(1865,109)
0.0
(1870,107)
0.0
(1872,106)
0.014438390731811523
(1874,106)
0.0007901191711425781
(1875,106)
0.0
(1874,105)
0.017386913299560547
(1873,105)
0.0
(1866,104)
0.015117883682250977
(1863,104)
0.0
(1849,104)
0.0
(1844,104)
0.0
(1817,106)
0.0169064998626709
(1806,107)
0.0
(1774,117)
0.012093067169189453
(1760,119)
0.004349231719970703
(1729,131)
0.0008413791656494141
(1719,136)
0.0
(1700,142)
0.013785600662231445
(1693,145)
0.0020761489868164062
(1688,150)
0.0
(1685,151)
0.0
(1683,154)
0.016569137573242188
(1682,156)
0.001996278762817383
(1684,156)
0.0008015632629394531
(1687,156)
0.0
(1701,152)
0.015861988067626953
(1706,152)
0.0019598007202148438
(1726,146)
0.00260162353515625
(1737,143)
0.00812530517578125
(1773,130)
0.003431081771850586
(1787,127)
0.0
(1820,113)
0.0
(1833,109)
0.0
(1854,101)
0.020272254943847656
(1865,98)
0.001996755599975586
(1873,95)
0.007599592208862305
(1877,94)
0.002991914749145508
(1878,93)
0.00043392181396484375
(1875,93)
0.014313697814941406
(1871,93)
0.00397801399230957
(1851,97)
0.0015835762023925781
(1841,100)
0.0
(1799,114)
0.012155532836914062
(1783,117)
0.0019931793212890625
(1735,135)
0.003092527389526367
(1717,140)
0.0
(1677,155)
0.011977434158325195
(1665,160)
0.0
(1644,169)
0.0
(1637,173)
0.014698028564453125
(1630,174)
0.0039899349212646484
(1629,175)
0.0009963512420654297
(1629,177)
0.002863168716430664
(1642,177)
0.012513399124145508
(1647,176)
0.0
(1675,172)
0.010732889175415039
(1687,170)
0.0046672821044921875
(1725,160)
0.0055577754974365234
(1742,155)
0.004320859909057617
(1780,144)
0.00419163703918457
(1793,141)
0.0009992122650146484
(1817,132)
0.001941680908203125
(1826,127)
0.0
(1835,121)
0.01645803451538086
(1837,119)
0.0029921531677246094
(1838,118)
0.006031513214111328
(1838,117)
0.002943754196166992
(1834,116)
0.004960298538208008
(1829,115)
0.0
(1804,110)
0.0
(1793,110)
0.0
(1754,110)
0.015112161636352539
(1742,110)
0.0
(1701,117)
0.0
(1686,117)
0.014955997467041016
(1657,120)
0.0019457340240478516
(1647,122)
0.0
(1638,123)
0.013185262680053711
(1634,123)
0.0033893585205078125
(1632,123)
0.0
(1631,123)
0.0
(1636,121)
0.016049861907958984
(1638,120)
0.00032401084899902344
(1657,110)
0.0
(1668,106)
0.0
(1707,91)
0.016688823699951172
(1719,86)
0.0
(1760,75)
0.0
(1775,70)
0.0
(1812,68)
0.01754450798034668
(1824,67)
0.0017209053039550781
(1844,67)
0.0
(1852,67)
0.0
(1858,67)
0.018700361251831055
(1860,68)
0.0019571781158447266
(1860,69)
0.0057795047760009766
(1860,69)
0.0
(1856,74)
0.0
(1851,77)
0.0
(1834,85)
0.018126726150512695
(1829,91)
0.0026772022247314453
(1793,103)
0.0007603168487548828
(1782,110)
0.0
(1743,125)
0.01597309112548828
(1729,131)
0.000934600830078125
(1707,140)
0.005460977554321289
(1699,143)
0.0
(1694,145)
0.010909318923950195
(1690,147)
0.0013470649719238281
(1690,147)
0.0
(1695,147)
0.016799449920654297
(1697,147)
0.001081228256225586
(1714,144)
0.0
(1723,142)
0.0
(1752,136)
0.0145416259765625
(1762,133)
0.0
(1795,123)
0.0
(1803,120)
0.0160980224609375
(1829,114)
0.0038330554962158203
(1836,111)
0.0019347667694091797
(1851,107)
0.0075414180755615234
(1854,106)
0.0
(1857,103)
0.0034933090209960938
(1859,103)
0.0
(1859,102)
0.015594005584716797
(1858,102)
0.0014874935150146484
(1856,102)
0.0
(1855,102)
0.0
(1844,103)
0.015420675277709961
(1839,104)
0.0
(1816,111)
0.0
(1807,114)
0.0
(1783,121)
0.016280412673950195
(1773,124)
0.0
(1756,129)
0.0
(1752,130)
0.0
(1747,131)
0.017266035079956055
(1745,131)
0.0
(1754,131)
0.016670703887939453
(1757,130)
0.0
(1773,123)
0.014249563217163086
(1782,120)
0.0015666484832763672
(1805,115)
0.0010445117950439453
(1815,110)
0.0
(1832,107)
0.01576542854309082
(1838,105)
0.0
(1847,104)
0.0
(1850,104)
0.0
(1852,103)
0.016927242279052734
(1846,104)
0.01675271987915039
(1843,106)
0.0
(1829,113)
0.0
(1822,116)
0.0
(1798,125)
0.016730070114135742
(1789,129)
0.0
(1765,137)
0.0
(1755,140)
0.0
(1736,145)
0.016643762588500977
(1732,146)
0.0
(1723,147)
0.015410423278808594
(1720,148)
0.0016937255859375
(1721,148)
0.01598048210144043
(1731,145)
0.003976345062255859
(1733,144)
0.0
(1749,140)
0.013170242309570312
(1754,137)
0.0
(1770,132)
0.0
(1779,128)
0.0
(1791,125)
0.018263578414916992
(1796,124)
0.002664804458618164
(1801,121)
0.0
(1803,120)
0.011471271514892578
(1803,119)
0.002156496047973633
(1803,119)
0.0
(1796,121)
0.014997720718383789
(1794,122)
0.0
(1781,127)
0.01626276969909668
(1776,131)
0.003172636032104492
(1754,142)
0.0
(1749,146)
0.0
(1732,154)
0.014587640762329102
(1724,159)
0.004816293716430664
(1715,163)
0.003329753875732422
(1710,166)
0.0
(1706,168)
0.00940251350402832
(1706,169)
0.0008227825164794922
(1706,171)
0.004376888275146484
(1712,171)
0.011556148529052734
(1714,171)
0.003587007522583008
(1730,169)
0.0
(1735,167)
0.012144327163696289
(1759,166)
0.002964496612548828
(1768,164)
0.0013284683227539062
(1793,163)
0.008489131927490234
(1801,161)
0.001972675323486328
(1817,160)
0.007988691329956055
(1825,160)
0.0023899078369140625
(1832,158)
0.006019115447998047
(1836,158)
0.0033829212188720703
(1838,157)
0.004018306732177734
(1838,157)
0.011542797088623047
(1832,157)
0.0005407333374023438
(1829,157)
0.0
(1816,160)
0.015976667404174805
(1811,160)
6.651878356933594e-05
(1796,163)
0.0
(1787,163)
0.0
(1771,165)
0.016228199005126953
(1767,165)
0.0
(1759,166)
0.0
(1757,166)
0.0
(1755,166)
0.017900943756103516
(1755,166)
0.0
(1759,163)
0.016848325729370117
(1761,162)
0.0
(1772,155)
0.0
(1775,152)
0.0
(1788,145)
0.015338420867919922
(1795,143)
0.0
(1810,134)
0.0
(1813,131)
0.01648545265197754
(1818,127)
0.0028116703033447266
(1822,126)
0.0
(1823,125)
0.01332998275756836
(1823,124)
0.003946781158447266
(1824,123)
0.0006067752838134766
(1823,123)
0.013572216033935547
(1816,125)
0.0
(1812,126)
0.0
(1801,136)
0.015955448150634766
(1796,139)
0.0
(1781,152)
0.0
(1774,158)
0.016819477081298828
(1759,178)
0.003540515899658203
(1753,189)
0.0
(1746,212)
0.0
(1741,223)
0.010995626449584961
(1741,243)
0.005102634429931641
(1741,251)
0.0
(1747,267)
0.0
(1749,272)
0.014435291290283203
(1757,285)
0.0028569698333740234
(1763,293)
0.0
(1776,301)
0.012629508972167969
(1781,304)
0.0029573440551757812
(1796,313)
0.0
(1801,315)
0.0
(1815,317)
0.014611959457397461
(1821,318)
0.0019915103912353516
(1836,317)
0.007468700408935547
(1840,317)
0.0026619434356689453
(1850,313)
0.0034427642822265625
(1855,311)
0.0
(1862,302)
0.0
(1864,300)
0.016521692276000977
(1867,288)
0.0
(1868,284)
0.0
(1870,268)
0.0
(1870,260)
0.015345335006713867
(1864,241)
0.002105712890625
(1861,231)
0.0
(1848,216)
0.014545202255249023
(1841,210)
0.0018002986907958984
(1830,204)
0.0
(1823,199)
0.0
(1810,200)
0.016327857971191406
(1807,202)
0.0
(1789,219)
0.0
(1782,224)
0.0
(1756,254)
0.01949334144592285
(1748,267)
0.001993417739868164
(1724,304)
0.006018877029418945
(1714,319)
0.0
(1690,360)
0.008499383926391602
(1680,373)
0.0030777454376220703
(1648,411)
0.0
(1635,426)
0.0
(1596,463)
0.014590740203857422
(1581,474)
0.0
(1540,506)
0.01027679443359375
(1523,518)
0.0019979476928710938
(1462,550)
0.007048606872558594
(1440,559)
0.003003358840942383
(1365,592)
0.005856990814208984
(1339,604)
0.003993034362792969
(1269,627)
0.00591278076171875
(1245,633)
0.004580974578857422
(1195,638)
0.004467487335205078
(1178,639)
0.0009953975677490234
(1155,633)
0.007812976837158203
(1144,630)
0.0011608600616455078
(1134,600)
0.007376909255981445
(1130,588)
0.0032455921173095703
(1136,521)
0.0062410831451416016
(1140,490)
0.004429817199707031
(1176,361)
0.004926204681396484
(1192,311)
0.0045163631439208984
(1246,177)
0.00458526611328125
(1268,122)
0.0021784305572509766
(1341,9)
0.006636857986450195
(1367,-35)
0.0015749931335449219
(1446,-76)
0.0074384212493896484
(1475,-34)
0.0019981861114501953
(1539,-35)
0.007930755615234375
(1566,-12)
0.0020241737365722656
(1589,-4)
0.006773710250854492
(1599,-3)
0.003964900970458984
(1607,10)
0.005175590515136719
(1611,12)
0.0010008811950683594
(1611,49)
0.007139444351196289
(1610,66)
0.0019941329956054688
(1580,135)
0.007385730743408203
(1569,168)
0.0023779869079589844
(1493,281)
0.00640416145324707
(1465,319)
0.002918720245361328
(1368,430)
0.00725865364074707
(1327,473)
0.003361940383911133
(1224,569)
0.005232572555541992
(1178,610)
0.001375436782836914
(1075,696)
0.008002519607543945
(1030,728)
0.001405477523803711
(937,789)
0.007080078125
(904,813)
0.001995563507080078
(822,837)
0.008779525756835938
(798,842)
0.00299835205078125
(770,842)
0.0049839019775390625
(760,842)
0.0040361881256103516
(753,833)
0.004088163375854492
(752,826)
0.002007007598876953
(769,778)
0.0076868534088134766
(774,760)
0.001367807388305664
(820,686)
0.007761955261230469
(841,654)
0.0020706653594970703
(926,559)
0.007563114166259766
(956,521)
0.002015352249145508
(1054,449)
0.006197690963745117
(1088,423)
0.004641532897949219
(1187,378)
0.004543304443359375
(1230,358)
0.005495786666870117
(1313,346)
0.003988742828369141
(1340,342)
0.0015668869018554688
(1403,370)
0.0075531005859375
(1425,379)
0.0007231235504150391
(1452,431)
0.008452653884887695
(1460,444)
0.0024633407592773438
(1452,499)
0.0063245296478271484
(1447,517)
0.003989458084106445
(1413,570)
0.0056765079498291016
(1398,591)
0.004416465759277344
(1324,649)
0.004628181457519531
(1298,671)
0.0012423992156982422
(1202,726)
0.007356405258178711
(1163,745)
0.0014758110046386719
(1052,787)
0.00665593147277832
(1006,805)
0.0031926631927490234
(883,822)
0.007154703140258789
(835,829)
0.003948211669921875
(733,824)
0.005986928939819336
(699,822)
0.004986286163330078
(632,787)
0.0039823055267333984
(612,776)
0.0019927024841308594
(564,707)
0.0059795379638671875
(548,682)
0.0017552375793457031
(536,595)
0.007147789001464844
(532,572)
0.0026144981384277344
(555,495)
0.0067653656005859375
(562,473)
0.003409147262573242
(618,414)
0.0055844783782958984
(639,392)
0.004024982452392578
(739,337)
0.004750728607177734
(771,319)
0.002112865447998047
(883,293)
0.006843090057373047
(923,283)
0.0029959678649902344
(1013,280)
0.005983591079711914
(1042,280)
0.001997232437133789
(1102,293)
0.0077397823333740234
(1121,298)
0.0039789676666259766
(1147,308)
0.005234956741333008
(1160,311)
0.004654884338378906
(1166,320)
0.004153013229370117
(1168,323)
0.0008378028869628906
(1164,330)
0.008683204650878906
(1162,333)
0.0013451576232910156
(1133,342)
0.007447957992553711
(1120,347)
0.0024461746215820312
(1053,356)
0.006828784942626953
(1031,358)
0.0032656192779541016
(938,366)
0.0057506561279296875
(896,368)
0.004644632339477539
(774,368)
0.004344463348388672
(725,368)
0.0019981861114501953
(620,368)
0.006857633590698242
(586,367)
0.0020503997802734375
(526,353)
0.007747650146484375
(506,348)
0.001993894577026367
(485,331)
0.006737470626831055
(478,327)
0.0030584335327148438
(487,300)
0.005044221878051758
(492,291)
0.0049648284912109375
(547,255)
0.004802703857421875
(566,245)
0.0014069080352783203
(693,202)
0.006914615631103516
(741,189)
0.002259492874145508
(892,179)
0.007671833038330078
(958,173)
0.001996755599975586
(1117,182)
0.00797128677368164
(1183,188)
0.0029900074005126953
(1320,221)
0.005986928939819336
(1373,234)
0.0039937496185302734
(1459,268)
0.0041620731353759766
(1486,283)
0.0028107166290283203
(1517,309)
0.006167411804199219
(1528,320)
0.001916646957397461
(1524,338)
0.007258892059326172
(1521,347)
0.0022115707397460938
(1480,376)
0.006623268127441406
(1465,388)
0.002996683120727539
(1393,420)
0.006553173065185547
(1354,440)
0.0042455196380615234
(1240,476)
0.004871368408203125
(1195,488)
0.0009951591491699219
(1075,514)
0.007539987564086914
(1030,527)
0.0017638206481933594
(948,533)
0.0070955753326416016
(918,535)
0.0028133392333984375
(883,519)
0.006244659423828125
(871,515)
0.004007577896118164
(862,477)
0.0053250789642333984
(860,460)
0.0049822330474853516
(897,391)
0.003995180130004883
(909,364)
0.0011301040649414062
(1001,276)
0.008207321166992188
(1035,243)
0.0017685890197753906
(1152,180)
0.007890701293945312
(1198,160)
0.002943754196166992
(1331,126)
0.006980180740356445
(1379,116)
0.002994060516357422
(1490,125)
0.0044095516204833984
(1532,127)
0.0049936771392822266
(1611,170)
0.0039861202239990234
(1635,184)
0.0009968280792236328
(1664,247)
0.007992982864379883
(1672,264)
0.0009834766387939453
(1664,319)
0.007977724075317383
(1660,342)
0.0019953250885009766
(1605,416)
0.006981372833251953
(1583,442)
0.002992391586303711
(1493,516)
0.00598597526550293
(1463,541)
0.003986835479736328
(1342,612)
0.0049860477447509766
(1301,643)
0.0009975433349609375
(1170,700)
0.007979869842529297
(1115,725)
0.0009963512420654297
(1000,771)
0.00897669792175293
(963,782)
0.002994060516357422
(900,790)
0.0059814453125
(882,794)
0.0029926300048828125
(867,780)
0.005869150161743164
(863,773)
0.0044536590576171875
(875,725)
0.005704641342163086
(880,709)
0.001962900161743164
(930,647)
0.007034778594970703
(953,617)
0.001959562301635742
(1047,539)
0.007970571517944336
(1081,510)
0.0019366741180419922
(1181,455)
0.007043600082397461
(1221,432)
0.0029311180114746094
(1310,408)
0.004986763000488281
(1335,400)
0.004652500152587891
(1384,400)
0.0041866302490234375
(1400,401)
0.0020036697387695312
(1411,410)
0.007214546203613281
(1417,414)
0.0019974708557128906
(1407,436)
0.008158445358276367
(1399,445)
0.0009427070617675781
(1355,480)
0.007153749465942383
(1337,494)
0.003052234649658203
(1245,545)
0.00678563117980957
(1214,560)
0.0039310455322265625
(1103,613)
0.004677534103393555
(1060,633)
0.00499272346496582
(942,672)
0.004996299743652344
(905,684)
0.00298309326171875
(820,705)
0.006032466888427734
(796,711)
0.0019478797912597656
(757,715)
0.00797891616821289
(743,715)
0.001993894577026367
(734,705)
0.005983591079711914
(730,702)
0.002995729446411133
(742,666)
0.004833698272705078
(745,653)
0.005225419998168945
(786,600)
0.004678249359130859
(797,581)
0.0019526481628417969
(879,518)
0.0070226192474365234
(905,496)
0.001958131790161133
(1005,438)
0.00698542594909668
(1041,416)
0.003979206085205078
(1136,378)
0.006006717681884766
(1167,363)
0.005972146987915039
(1250,354)
0.0029861927032470703
(1273,350)
0.004037380218505859
(1343,358)
0.0035326480865478516
(1363,360)
0.0015151500701904297
(1391,371)
0.008470296859741211
(1403,376)
0.002996683120727539
(1412,382)
0.006172895431518555
(1416,387)
0.0029985904693603516
(1415,392)
0.005933523178100586
(1414,394)
0.004039764404296875
(1396,400)
0.005211830139160156
(1389,403)
0.005002498626708984
(1347,403)
0.003930091857910156
(1331,405)
0.0019965171813964844
(1270,401)
0.0066471099853515625
(1248,399)
0.0029926300048828125
(1173,397)
0.0069828033447265625
(1139,395)
0.0019936561584472656
(1041,388)
0.00598454475402832
(1004,388)
0.004988908767700195
(926,383)
0.0049974918365478516
(900,381)
0.004972934722900391
(862,379)
0.0039975643157958984
(848,377)
0.0029845237731933594
(837,376)
0.005669832229614258
(834,376)
0.001962900161743164
(843,374)
0.016437768936157227
(847,374)
0.003993034362792969
(879,372)
0.00493931770324707
(891,372)
0.004835605621337891
(945,372)
0.0050048828125
(963,372)
0.0020246505737304688
(1018,374)
0.006075382232666016
(1040,374)
0.003002643585205078
(1082,376)
0.0053920745849609375
(1094,376)
0.003387928009033203
(1121,376)
0.005998373031616211
(1133,376)
0.004033088684082031
(1149,376)
0.00552678108215332
(1156,376)
0.004930019378662109
(1166,377)
0.004039764404296875
(1169,377)
0.002941608428955078
(1175,380)
0.0059888362884521484
(1177,380)
0.002994537353515625
(1179,382)
0.00697636604309082
(1180,382)
0.0029904842376708984
(1181,385)
0.004987478256225586
(1182,385)
0.004029512405395508
(1182,387)
0.004992246627807617
(1182,389)
0.004135847091674805
(1184,392)
0.00493931770324707
(1186,395)
0.0009980201721191406
(1186,399)
0.007945060729980469
(1186,399)
0.001641988754272461
(1187,403)
0.007982969284057617
(1188,407)
0.0019686222076416016
(1189,414)
0.007504463195800781
(1190,419)
0.0029954910278320312
(1193,428)
0.0059587955474853516
(1194,432)
0.003812074661254883
(1200,443)
0.005419731140136719
(1203,448)
0.0019478797912597656
(1208,461)
0.006983518600463867
(1211,464)
0.001995086669921875
(1219,477)
0.006984710693359375
(1223,482)
0.003983736038208008
(1234,494)
0.0052831172943115234
(1238,497)
0.0029973983764648438
(1251,510)
0.005804777145385742
(1258,513)
0.005087137222290039
(1273,526)
0.004408359527587891
(1278,530)
0.0010020732879638672
(1295,544)
0.008181333541870117
(1301,548)
0.001996755599975586
(1324,565)
0.006707429885864258
(1331,571)
0.0019512176513671875
(1352,590)
0.0069811344146728516
(1361,596)
0.0040378570556640625
(1381,613)
0.0049419403076171875
(1392,619)
0.004990577697753906
(1405,632)
0.003981113433837891
(1412,636)
0.002994060516357422
(1423,644)
0.006080150604248047
(1427,648)
0.0019459724426269531
(1432,650)
0.007157325744628906
(1435,654)
0.0029435157775878906
(1437,654)
0.0062503814697265625
(1438,655)
0.003935575485229492
(1439,655)
0.005031585693359375
(1439,654)
0.003995418548583984
(1440,650)
0.0049970149993896484
(1440,649)
0.002927541732788086
(1439,646)
0.005171537399291992
(1438,644)
0.0020036697387695312
(1431,637)
0.007842302322387695
(1429,635)
0.003010272979736328
(1423,627)
0.006758689880371094
(1420,625)
0.00274658203125
(1417,623)
0.005912303924560547
(1416,621)
0.003980159759521484
(1413,617)
0.004996061325073242
(1413,616)
0.0019953250885009766
(1410,614)
0.007969379425048828
(1410,613)
0.007976293563842773
(1409,613)
0.0029926300048828125
(1409,613)
0.034999847412109375
(1410,613)
0.008746147155761719
(1411,613)
0.008697509765625
(1412,613)
0.013898134231567383
(1412,614)
0.031894683837890625
(1412,615)
0.0175015926361084
(1413,616)
0.08296489715576172
(1414,618)
0.013641595840454102
(1415,618)
0.003941535949707031
(1416,618)
0.009202241897583008
(1417,618)
0.010246515274047852
(1417,618)
0.025948762893676758
(1419,619)
0.018352746963500977
(1420,619)
0.018265485763549805
(1421,619)
0.0040547847747802734
(1421,619)
0.005433797836303711
(1422,619)
0.004862308502197266
(1423,619)
0.004155158996582031
(1424,619)
0.0020046234130859375
(1424,617)
0.006733894348144531
(1425,616)
0.0019404888153076172
(1428,616)
0.006897449493408203
(1429,615)
0.0030410289764404297
(1430,614)
0.0062296390533447266
(1431,614)
0.003992795944213867
(1432,614)
0.0042531490325927734
(1432,614)
0.0020020008087158203
(1433,613)
0.007165193557739258
(1434,612)
0.00897526741027832
(1435,612)
0.001987457275390625
(1437,611)
0.006025552749633789
(1438,610)
0.0029861927032470703
(1439,610)
0.00598454475402832
(1440,608)
0.003983974456787109
(1440,608)
0.00498509407043457
(1440,607)
0.005995273590087891
(1442,607)
0.004206180572509766
(1443,606)
0.00861978530883789
(1444,606)
0.009493350982666016
(1446,606)
0.009281396865844727
(1447,606)
0.0034706592559814453
(1447,605)
0.014891624450683594
(1447,605)
0.008849143981933594
(1448,605)
0.01842665672302246
(1449,605)
0.02852487564086914
(1450,605)
0.017152786254882812
(1451,605)
0.025894641876220703
(1452,605)
0.01188039779663086
(1452,604)
0.006808280944824219
(1453,603)
0.01364898681640625
(1454,602)
0.004537105560302734
(1454,601)
0.0
(1455,598)
0.01586008071899414
(1456,597)
0.0
(1456,597)
0.0
(1457,596)
0.0
(1458,595)
0.021398544311523438
(1458,594)
0.009177207946777344
(1458,593)
0.008526325225830078
(1459,592)
0.00919198989868164
(1459,590)
0.009950876235961914
(1459,590)
0.045416831970214844
(1459,589)
0.027050018310546875
(1460,589)
0.009968757629394531
(1461,588)
0.015862226486206055
(1461,587)
0.00835561752319336
(1463,586)
0.018593788146972656
(1464,585)
0.008911371231079102
(1464,584)
0.009068965911865234
(1465,584)
0.005254030227661133
(1466,584)
0.005622386932373047
(1467,584)
0.01712346076965332
(1468,582)
0.01815485954284668
(1469,581)
0.016114234924316406
(1469,581)
0.04686903953552246
(1469,580)
0.02666330337524414
(1471,579)
0.0
(1471,578)
0.01584005355834961
(1471,577)
0.0
(1471,576)
0.015594244003295898
(1471,576)
0.0
(1471,575)
0.015426158905029297
(1471,573)
0.0
(1471,572)
0.015811443328857422
(1472,571)
0.015622138977050781
(1472,570)
0.006031990051269531
(1472,570)
0.0156400203704834
(1473,570)
0.0
(1473,569)
0.0
(1474,569)
0.015839338302612305
(1474,568)
0.0
(1475,568)
0.015395402908325195
(1475,567)
0.0
(1476,567)
0.0
(1476,567)
0.0156557559967041
(1477,566)
0.0
(1478,566)
0.015799760818481445
(1480,564)
0.0
(1481,564)
0.0
(1482,564)
0.0
(1483,563)
0.015408515930175781
(1483,563)
0.006743669509887695
(1484,563)
0.0
(1485,563)
0.01580810546875
(1486,563)
0.015486001968383789
(1487,563)
0.015798330307006836
(1489,563)
0.015404224395751953
(1489,563)
0.03144025802612305
(1490,563)
0.02170085906982422
(1490,563)
0.0
(1491,565)
0.01557612419128418
(1492,566)
0.0
(1492,567)
0.01584029197692871
(1493,567)
0.0
(1494,568)
0.01539921760559082
cl(1494,568)
cl(1494,568)
