
(1423,465)
0.04980278015136719
(1422,465)
0.010383129119873047
(1422,465)
0.008042097091674805
(1420,465)
0.009139060974121094
(1419,464)
0.0034339427947998047
(1415,464)
0.005664825439453125
(1413,463)
0.0039179325103759766
(1408,463)
0.010638236999511719
(1406,462)
0.0010013580322265625
(1397,461)
0.0029115676879882812
(1394,461)
0.0010023117065429688
(1383,459)
0.008139848709106445
(1376,458)
0.0016391277313232422
(1362,457)
0.00795292854309082
(1358,457)
0.0022597312927246094
(1343,454)
0.006736040115356445
(1335,454)
0.003506183624267578
(1317,454)
0.005717754364013672
(1309,454)
0.004482269287109375
(1287,454)
0.004746675491333008
(1279,454)
0.001010894775390625
(1252,454)
0.00845026969909668
(1242,454)
0.0013017654418945312
(1212,454)
0.007580757141113281
(1200,454)
0.00302886962890625
(1169,457)
0.0069959163665771484
(1155,457)
0.0025985240936279297
(1118,459)
0.005803346633911133
(1104,460)
0.004641056060791016
(1067,464)
0.004681825637817383
(1052,466)
0.0012962818145751953
(1018,470)
0.008184194564819336
(1004,471)
0.0010023117065429688
(967,474)
0.0078084468841552734
(955,474)
0.0029952526092529297
(922,475)
0.006112098693847656
(911,475)
0.003324270248413086
(878,477)
0.006193399429321289
(866,477)
0.0050830841064453125
(841,477)
0.004953861236572266
(829,477)
0.004341602325439453
(803,471)
0.004278421401977539
(793,470)
0.0006365776062011719
(769,464)
0.00854182243347168
(759,461)
0.0008449554443359375
(734,450)
0.008205652236938477
(726,447)
0.0030889511108398438
(703,432)
0.005353689193725586
(694,429)
0.004035234451293945
(674,412)
0.006762266159057617
(667,407)
0.003500699996948242
(652,393)
0.004956960678100586
(644,386)
0.0013954639434814453
(631,374)
0.008160829544067383
(627,367)
0.0010025501251220703
(615,352)
0.008174896240234375
(611,347)
0.0015082359313964844
(603,332)
0.008048534393310547
(599,325)
0.0027992725372314453
(594,313)
0.005218982696533203
(592,306)
0.005210399627685547
(588,292)
0.00482487678527832
(585,287)
0.0013775825500488281
(583,274)
0.007947206497192383
(583,271)
0.0010004043579101562
(583,260)
0.008226871490478516
(583,254)
0.0011627674102783203
(583,244)
0.007773399353027344
(585,239)
0.0031833648681640625
(591,230)
0.006054401397705078
(592,225)
0.0034809112548828125
(598,216)
0.005522489547729492
(602,211)
0.0013654232025146484
(609,204)
0.008009672164916992
(612,202)
0.0010001659393310547
(622,196)
0.007025241851806641
(626,194)
0.001993417739868164
(637,191)
0.008460760116577148
(642,189)
0.002995729446411133
(658,184)
0.005879878997802734
(662,184)
0.0039052963256835938
(678,184)
0.004735708236694336
(686,184)
0.0011339187622070312
(706,184)
0.00839686393737793
(716,184)
0.0012958049774169922
(740,184)
0.007529258728027344
(751,184)
0.002533435821533203
(781,184)
0.006303548812866211
(793,184)
0.003844022750854492
(826,184)
0.006029844284057617
(838,184)
0.0008487701416015625
(871,184)
0.0074388980865478516
(883,184)
0.0028073787689208984
(916,184)
0.006315946578979492
(930,184)
0.0020380020141601562
(961,184)
0.007002592086791992
(973,184)
0.0033648014068603516
(1000,184)
0.006601095199584961
(1008,184)
0.003604412078857422
(1025,191)
0.005042552947998047
(1032,194)
0.001623392105102539
(1041,207)
0.007065534591674805
(1047,211)
0.0010027885437011719
(1050,225)
0.008432149887084961
(1052,230)
0.002660989761352539
(1052,250)
0.006732463836669922
(1052,254)
0.005034208297729492
(1047,270)
0.003452777862548828
(1043,279)
0.004016876220703125
(1032,298)
0.0055027008056640625
(1026,307)
0.0013942718505859375
(1011,333)
0.007760763168334961
(1003,342)
0.0014727115631103516
(976,369)
0.007954597473144531
(965,378)
0.001962423324584961
(936,401)
0.007683515548706055
(922,413)
0.002480030059814453
(882,440)
0.00639033317565918
(867,452)
0.003968954086303711
(818,477)
0.0048007965087890625
(801,487)
0.001321554183959961
(751,501)
0.008301258087158203
(732,509)
0.0010631084442138672
(677,521)
0.00848531723022461
(658,524)
0.0018787384033203125
(603,534)
0.006888866424560547
(583,537)
0.0029964447021484375
(527,546)
0.007048606872558594
(507,548)
0.003202199935913086
(458,555)
0.005937337875366211
(440,558)
0.004020214080810547
(393,567)
0.003953218460083008
(377,568)
0.000997781753540039
(343,570)
0.009011030197143555
(329,570)
0.0009615421295166016
(311,570)
0.0079803466796875
(301,570)
0.0019969940185546875
(291,570)
0.006978034973144531
(286,569)
0.0029909610748291016
(281,565)
0.006987094879150391
(279,563)
0.002988576889038086
(277,561)
0.005705118179321289
(277,560)
0.004985332489013672
(278,554)
0.004007101058959961
(279,552)
0.0009987354278564453
(285,541)
0.00843667984008789
(289,536)
0.0021028518676757812
(307,507)
0.0077037811279296875
(314,500)
0.002393960952758789
(343,467)
0.006669044494628906
(354,456)
0.0033409595489501953
(395,424)
0.006181240081787109
(406,414)
0.004075288772583008
(453,384)
0.004903554916381836
(468,374)
0.0009970664978027344
(516,351)
0.008362054824829102
(533,343)
0.0009975433349609375
(586,329)
0.007742404937744141
(604,324)
0.002406597137451172
(655,324)
0.007559537887573242
(675,325)
0.0020225048065185547
(735,344)
0.006951808929443359
(757,353)
0.0039882659912109375
(841,400)
0.005025386810302734
(870,420)
0.004986763000488281
(948,482)
0.004563808441162109
(978,505)
0.0010066032409667969
(1035,568)
0.008137702941894531
(1049,585)
0.001995086669921875
(1083,627)
0.007251262664794922
(1091,640)
0.0024149417877197266
(1101,659)
0.006452798843383789
(1104,670)
0.003669261932373047
(1106,678)
0.0058100223541259766
(1106,683)
0.004830837249755859
(1103,691)
0.004271745681762695
(1102,693)
0.0009968280792236328
(1089,701)
0.008382320404052734
(1082,706)
0.0010004043579101562
(1057,719)
0.007661342620849609
(1046,724)
0.0031218528747558594
(1010,738)
0.007015228271484375
(995,743)
0.0029909610748291016
(939,757)
0.005656242370605469
(919,761)
0.0044171810150146484
(855,765)
0.0054204463958740234
(831,771)
0.00133514404296875
(741,774)
0.007526874542236328
(705,774)
0.0010046958923339844
(607,774)
0.00841522216796875
(578,773)
0.001992940902709961
(470,757)
0.006974458694458008
(435,753)
0.0029952526092529297
(331,731)
0.005740165710449219
(295,722)
0.004265785217285156
(205,691)
0.005892515182495117
(171,679)
0.0
(103,638)
0.008975505828857422
(82,622)
0.000997781753540039
(27,570)
0.007826805114746094
(12,555)
0.001924276351928711
(-15,515)
0.007737159729003906
(-10,502)
0.003123760223388672
(-11,463)
0.00544428825378418
(-3,447)
0.003986835479736328
(0,411)
0.00598597526550293
(-2,397)
0.003987550735473633
(10,361)
0.004986286163330078
(13,349)
0.0009992122650146484
(32,315)
0.008004903793334961
(40,302)
0.0019676685333251953
(67,275)
0.007982730865478516
(79,263)
0.002165555953979492
(113,244)
0.006716251373291016
(125,238)
0.003023862838745117
(167,225)
0.006497621536254883
(181,221)
0.003991842269897461
(230,221)
0.004998683929443359
(245,221)
0.0009860992431640625
(299,234)
0.008450746536254883
(323,240)
0.0019466876983642578
(398,276)
0.007318735122680664
(422,290)
0.002121448516845703
(495,345)
0.007561206817626953
(521,364)
0.0025327205657958984
(581,427)
0.00607609748840332
(600,446)
0.0037741661071777344
(646,504)
0.001699686050415039
(658,521)
0.0
(675,555)
0.0
(683,568)
0.0
(685,586)
0.015661239624023438
(686,594)
0.0
(679,605)
0.01576995849609375
(677,610)
0.0
(659,628)
0.0
(651,638)
0.0
(611,662)
0.015657424926757812
(596,672)
0.0
(546,705)
0.0
(528,714)
0.0
(467,748)
0.015627384185791016
(440,760)
0.0
(373,792)
0.0
(346,805)
0.015400886535644531
(281,827)
0.0
(262,834)
0.0
(221,843)
0.016376018524169922
(205,846)
0.0
(174,845)
0.0
(164,845)
0.015842676162719727
(147,833)
0.0
(139,830)
0.0
(130,812)
0.0
(124,803)
0.015404701232910156
(120,774)
0.0
(120,762)
0.0
(121,726)
0.015654563903808594
(123,710)
0.0
(134,666)
0.0
(137,649)
0.0
(148,608)
0.015588045120239258
(155,593)
0.0
(173,551)
0.0
(177,537)
0.0
(200,497)
0.015622138977050781
(208,484)
0.0
(234,446)
0.01584315299987793
(242,433)
0.0
(267,406)
0.006043434143066406
(278,397)
0.0
(298,382)
0.0
(307,378)
0.015863656997680664
(325,374)
0.0
(330,373)
0.0
(348,376)
0.015454292297363281
(356,376)
0.0
(379,388)
0.0
(387,391)
0.0
(410,409)
0.01580333709716797
(418,416)
0.0
(445,446)
0.0
(453,457)
0.015401363372802734
(475,491)
0.0
(485,506)
0.0
(502,543)
0.0
(506,553)
0.015588045120239258
(512,585)
0.0
(515,598)
0.0
(515,625)
0.015621423721313477
(515,635)
0.0
(509,659)
0.00650477409362793
(508,671)
0.0
(493,694)
0.0
(486,704)
0.0
(465,726)
0.01563096046447754
(456,735)
0.0
(421,756)
0.015651226043701172
(412,764)
0.0
(370,784)
0.0
(355,792)
0.0
(311,801)
0.015585660934448242
(293,806)
0.0
(247,811)
0.0
(231,811)
0.015753984451293945
(188,805)
0.0
(169,803)
0.0
(131,790)
0.015489578247070312
(116,784)
0.0
(88,766)
0.0
(77,758)
0.0
(53,736)
0.015655040740966797
(41,725)
0.006718158721923828
(21,696)
0.0
(14,683)
0.0
(-5,643)
0.015625476837158203
(-9,629)
0.0
(-10,590)
0.0
(-7,574)
0.0
(-4,531)
0.01588582992553711
(-2,513)
0.0
(1,467)
0.0
(1,449)
0.0
(13,390)
0.015357017517089844
(16,370)
0.0
(37,319)
0.0
(42,303)
0.015621185302734375
(67,265)
0.0
(77,250)
0.0
(115,237)
0.33182263374328613
(130,229)
0.0
(176,223)
0.006546497344970703
(193,218)
0.0
(241,215)
0.0
(258,212)
0.01562643051147461
(301,215)
0.0
(317,217)
0.0
(348,223)
0.01587200164794922
(363,225)
0.0
(386,230)
0.0
(396,235)
0.0
(413,238)
0.015382766723632812
(419,239)
0.0
(426,242)
0.0
(428,242)
0.01583385467529297
(431,243)
0.0
(431,244)
0.0
(430,245)
0.015623092651367188
(429,245)
0.0
(422,248)
0.015654563903808594
(418,249)
0.0
(401,259)
0.0060100555419921875
(394,262)
0.0
(367,272)
0.01584625244140625
(357,276)
0.0
(322,282)
0.0
(308,286)
0.0
(268,290)
0.015628337860107422
(251,293)
0.0
(206,295)
0.0
(190,295)
0.0
(141,297)
0.01563405990600586
(125,297)
0.0
(77,297)
0.0
(59,297)
0.015381813049316406
(13,290)
0.0
(-5,289)
0.0
(-44,278)
0.015628576278686523
(-15,274)
0.0
(-31,258)
0.0
(-12,251)
0.0
(-17,240)
0.015687227249145508
(-6,236)
0.00601649284362793
(-7,230)
0.0
(-2,228)
0.0
(-1,223)
0.015818357467651367
(0,222)
0.0
(0,221)
0.0
(1,220)
0.015430927276611328
(11,214)
0.0
(14,211)
0.0
(41,197)
0.0
(50,191)
0.0
(95,173)
0.015619754791259766
(112,166)
0.0
(171,150)
0.01585531234741211
(195,144)
0.0
(274,132)
0.0
(302,126)
0.0
(404,123)
0.015388965606689453
(438,121)
0.0
(555,121)
0.0
(596,121)
0.0
(723,130)
0.021828174591064453
(773,135)
0.0
(886,164)
0.0
(930,174)
0.0
(1020,208)
0.01586771011352539
(1050,219)
0.0
(1106,252)
0.0
(1123,262)
0.0
(1148,292)
0.015414237976074219
(1158,301)
0.0
(1165,328)
0.0
(1170,336)
0.015589237213134766
(1169,361)
0.0
(1169,369)
0.0
(1154,403)
0.015874385833740234
(1146,416)
0.0
(1120,448)
0.0
(1110,463)
0.0
(1066,505)
0.015616178512573242
(1048,520)
0.0
(986,570)
0.013978242874145508
(968,584)
0.0017862319946289062
(899,632)
0.007126808166503906
(882,642)
0.0032196044921875
(838,674)
0.006203889846801758
(822,683)
0.0042150020599365234
(793,703)
0.00516200065612793
(782,711)
0.004828691482543945
(771,716)
0.0036864280700683594
(766,718)
0.0014369487762451172
(765,719)
0.008719921112060547
(764,719)
0.0013775825500488281
(764,719)
0.007440090179443359
(765,714)
0.008917570114135742
(767,709)
0.004011392593383789
(783,684)
0.005194425582885742
(787,673)
0.0020422935485839844
(826,620)
0.0069408416748046875
(840,602)
0.0017082691192626953
(888,533)
0.007294416427612305
(905,508)
0.0015912055969238281
(968,427)
0.0075223445892333984
(992,400)
0.0031435489654541016
(1073,313)
0.0060329437255859375
(1100,285)
0.0045926570892333984
(1187,201)
0.005311489105224609
(1218,173)
0.004517316818237305
(1304,103)
0.004434347152709961
(1336,71)
0.0010020732879638672
(1409,16)
0.007898092269897461
(1439,-7)
0.0019958019256591797
(1496,-40)
0.007624149322509766
(1514,-14)
0.0027849674224853516
(1531,-12)
0.0058972835540771484
(1536,-7)
0.004144430160522461
(1539,-3)
0.00513768196105957
(1539,-1)
0.0010020732879638672
(1538,-1)
0.008061885833740234
(1537,0)
0.0014791488647460938
(1519,-4)
0.007864713668823242
(1509,-1)
0.0039958953857421875
(1449,1)
0.006990671157836914
(1427,1)
0.0015232563018798828
(1338,21)
0.005640745162963867
(1294,31)
0.004354000091552734
(1144,72)
0.004406452178955078
(1084,88)
0.0010268688201904297
(925,150)
0.008980989456176758
(855,177)
0.0009446144104003906
(700,239)
0.007114410400390625
(630,265)
0.002971649169921875
(511,311)
0.007018089294433594
(461,332)
0.002605438232421875
(371,360)
0.005985260009765625
(345,372)
0.004586696624755859
(301,382)
0.005278110504150391
(286,385)
0.004025697708129883
(278,387)
0.004747867584228516
(273,387)
0.0010030269622802734
(272,387)
0.010404586791992188
(272,386)
0.007689476013183594
(273,385)
0.0022783279418945312
(282,376)
0.0059871673583984375
(285,373)
0.00403141975402832
(323,349)
0.00583648681640625
(338,337)
0.004641056060791016
(400,292)
0.004456043243408203
(428,273)
0.001341104507446289
(540,213)
0.007505893707275391
(581,188)
0.0019905567169189453
(705,121)
0.007931947708129883
(752,97)
0.0021049976348876953
(864,38)
0.005988121032714844
(908,15)
0.0011296272277832031
(991,-25)
0.0
(1022,-16)
0.0
(1065,-20)
0.01585245132446289
(1080,-6)
0.0
(1086,-3)
0.0
(1088,-2)
0.0
(1090,0)
0.015423059463500977
(1086,3)
0.0
(1086,3)
0.015588998794555664
(1064,13)
0.0
(1053,19)
0.0
(980,65)
0.015868425369262695
(948,83)
0.0
(815,168)
0.0055084228515625
(758,205)
0.0
(605,307)
0.0
(544,344)
0.015624761581420898
(390,460)
0.0
(329,500)
0.0
(191,600)
0.015621662139892578
(141,642)
0.0
(36,708)
0.0
(-4,733)
0.015620708465576172
(-55,760)
0.0
(-19,767)
0.0
(-14,770)
0.0
(-5,771)
0.0
(-2,771)
0.015621662139892578
(-1,771)
0.0
(2,768)
0.015621423721313477
(4,767)
0.0
(21,749)
0.0
(28,740)
0.015633106231689453
(76,695)
0.0065250396728515625
(99,674)
0.0
(193,596)
0.0
(231,566)
0.0
(341,486)
0.01564645767211914
(387,451)
0.0
(531,368)
0.0
(591,334)
0.015622377395629883
(755,257)
0.0
(822,225)
0.0
(989,156)
0.01562356948852539
(1064,126)
0.0
(1210,75)
0.0
(1267,59)
0.0
(1375,36)
0.015618562698364258
(1415,29)
0.0
(1476,27)
0.0
(1498,27)
0.0
(1518,31)
0.01562643051147461
(1529,34)
0.0
(1532,41)
0.0
(1534,43)
0.01561427116394043
(1530,57)
0.0068013668060302734
(1529,63)
0.002140522003173828
(1501,110)
0.0
(1493,126)
0.01033329963684082
(1445,197)
0.0
(1421,230)
0.008130073547363281
(1335,340)
0.0021200180053710938
(1303,385)
0.008025646209716797
(1198,501)
0.0023539066314697266
(1156,551)
0.0
(1048,655)
0.010269880294799805
(1007,702)
0.0
(928,771)
0.011044025421142578
(902,793)
0.004982471466064453
(876,814)
0.004009246826171875
(865,821)
0.0029764175415039062
(862,823)
0.007976770401000977
(861,823)
0.000988006591796875
(862,820)
0.008985757827758789
(863,819)
0.001993417739868164
(889,786)
0.005986213684082031
(898,771)
0.00498509407043457
(975,682)
0.0019881725311279297
(1016,632)
0.000995635986328125
(1161,480)
0.01098012924194336
(1221,417)
0.0019943714141845703
(1389,275)
0.007977962493896484
(1463,213)
0.0039942264556884766
(1649,91)
0.00098419189453125
(1733,41)
0.008982658386230469
(1910,-58)
0.004984855651855469
(1986,-42)
0.0009965896606445312
(2055,-68)
0.006987571716308594
(1977,-22)
0.003984212875366211
(2006,-41)
0.004990577697753906
(1945,-10)
0.00399017333984375
(1943,-16)
0.003978252410888672
(1926,-4)
0.0009992122650146484
(1921,-7)
0.008983850479125977
(1919,-1)
0.003005504608154297
(1914,-3)
0.0069696903228759766
(1911,-1)
0.0049839019775390625
(1880,-8)
0.002010822296142578
(1864,-3)
0.0009741783142089844
(1779,-2)
0.010991573333740234
(1746,-2)
0.0
(1591,12)
0.007965564727783203
(1532,20)
0.003985881805419922
(1339,48)
0.005986928939819336
(1263,66)
0.004983663558959961
(1062,112)
0.0009953975677490234
(973,136)
0.007985591888427734
(775,196)
0.0029959678649902344
(689,224)
0.000982046127319336
(499,277)
0.009989261627197266
(421,304)
0.001058340072631836
(280,344)
0.004909992218017578
(219,361)
0.001994609832763672
(123,382)
0.006981611251831055
(91,389)
0.0030028820037841797
(37,394)
0.008971452713012695
(21,394)
0.002985715866088867
(6,393)
0.0069887638092041016
(0,392)
0.00500178337097168
(-1,385)
0.001982450485229492
(0,385)
0.003985166549682617
(4,379)
0.005977153778076172
(7,374)
0.0
(28,353)
0.00998377799987793
(37,345)
0.001984834671020508
(91,291)
0.0069925785064697266
(119,264)
0.0039904117584228516
(233,169)
0.0029802322387695312
(284,124)
0.004985809326171875
(422,24)
0.0059986114501953125
(479,-16)
0.005053520202636719
(619,-78)
0.0
(678,-29)
0.0
(792,-35)
0.0
(837,-13)
0.0
(904,-11)
0.015613555908203125
(924,0)
0.0
(942,0)
0.0
(950,0)
0.0
(951,0)
0.015621423721313477
(948,0)
0.015621423721313477
(947,1)
0.0
(917,6)
0.0
(904,8)
0.0
(824,36)
0.01569080352783203
(782,50)
0.0
(634,123)
0.0
(571,154)
0.015552043914794922
(394,261)
0.0
(314,303)
0.0
(132,425)
0.015689849853515625
(59,477)
0.001547098159790039
(-111,593)
0.0
(-69,642)
0.0
(-134,734)
0.01569342613220215
(-49,770)
0.0
(-84,816)
0.0
(-28,834)
0.015552043914794922
(-17,842)
0.0
(-9,845)
0.0
(0,845)
0.0
(0,846)
0.015621185302734375
(2,846)
0.0
(2,846)
0.0
(20,840)
0.015706777572631836
(29,837)
0.0
(92,818)
0.0
(116,813)
0.0
(245,773)
0.015536069869995117
(298,760)
0.0
(467,715)
0.0
(540,694)
0.0
(753,655)
0.022345542907714844
(837,637)
0.0
(1057,609)
0.009045839309692383
(1152,599)
0.0030794143676757812
(1331,586)
0.006792545318603516
(1410,577)
0.003412008285522461
(1533,567)
0.00518345832824707
(1578,565)
0.004846811294555664
(1644,562)
0.005057811737060547
(1662,562)
0.0017926692962646484
(1674,562)
0.007518768310546875
(1677,562)
0.0010001659393310547
(1679,562)
0.008191823959350586
(1678,570)
0.009429931640625
(1675,573)
0.0028383731842041016
(1658,606)
0.005845069885253906
(1648,619)
0.004457712173461914
(1603,689)
0.0048635005950927734
(1584,725)
0.0017702579498291016
(1519,829)
0.009802818298339844
(1487,875)
0.0009958744049072266
(1419,968)
0.00571131706237793
(1395,1001)
0.0023627281188964844
(1333,1079)
0.006984710693359375
(1315,1101)
0.0022935867309570312
(1279,1118)
0.007436990737915039
(1267,1092)
0.003521442413330078
(1252,1091)
0.005984067916870117
(1247,1083)
0.004338741302490234
(1242,1081)
0.00437617301940918
(1239,1079)
0.0010008811950683594
(1238,1079)
0.007682323455810547
(1237,1079)
0.0022897720336914062
(1236,1078)
0.006913900375366211
(1236,1078)
0.0029973983764648438
(1235,1077)
0.006608486175537109
(1235,1076)
0.0036306381225585938
(1234,1073)
0.006370067596435547
(1233,1071)
0.003030061721801758
(1223,1059)
0.0052258968353271484
(1218,1056)
0.0014235973358154297
(1188,1023)
0.007888078689575195
(1174,1009)
0.0016260147094726562
(1136,959)
0.0077893733978271484
(1117,940)
0.002062559127807617
(1056,870)
0.007122993469238281
(1035,847)
0.0034983158111572266
(967,776)
0.006151914596557617
(946,753)
0.0038182735443115234
(890,690)
0.004855155944824219
(868,664)
0.0014858245849609375
(826,614)
0.007597446441650391
(812,597)
0.001005411148071289
(784,556)
0.008178472518920898
(776,543)
0.0020439624786376953
(767,519)
0.006859779357910156
(762,508)
0.003523588180541992
(760,496)
0.005753278732299805
(759,491)
0.0046384334564208984
(759,488)
0.00467991828918457
(759,485)
0.0013952255249023438
(766,481)
0.008038520812988281
(770,479)
0.0010025501251220703
(789,474)
0.008065223693847656
(793,473)
0.0018208026885986328
(834,467)
0.007696866989135742
(848,465)
0.001997232437133789
(906,467)
0.006253242492675781
(924,468)
0.004529237747192383
(1001,491)
0.005250692367553711
(1030,499)
0.0016186237335205078
(1144,541)
0.007809638977050781
(1182,556)
0.0011827945709228516
(1280,597)
0.007555961608886719
(1319,614)
0.0019958019256591797
(1398,654)
0.007574796676635742
(1427,671)
0.0026693344116210938
(1475,703)
0.006005287170410156
(1492,712)
0.00408935546875
(1507,727)
0.005901336669921875
(1515,734)
0.0041713714599609375
(1517,738)
0.00502777099609375
(1518,739)
0.0012660026550292969
(1518,740)
0.008301496505737305
(1517,742)
0.0009911060333251953
(1509,748)
0.007761240005493164
(1503,752)
0.0023076534271240234
(1461,774)
0.006509304046630859
(1444,784)
0.0036644935607910156
(1362,828)
0.00574803352355957
(1327,847)
0.0042836666107177734
(1191,911)
0.0052721500396728516
(1136,936)
0.0008289813995361328
(980,1012)
0.0076770782470703125
(921,1040)
0.0016973018646240234
(770,1098)
0.007387638092041016
(708,1108)
0.00269317626953125
(574,1116)
0.0068721771240234375
(521,1095)
0.0032956600189208984
(423,1085)
0.00580906867980957
(380,1083)
0.0037927627563476562
(293,1065)
0.005342960357666016
(266,1061)
0.0014278888702392578
(198,1023)
0.007917404174804688
(171,1011)
0.0019567012786865234
(126,960)
0.007241487503051758
(111,945)
0.0016574859619140625
(85,893)
0.007692098617553711
(77,875)
0.0033402442932128906
(68,825)
0.005553245544433594
(66,807)
0.004363298416137695
(72,764)
0.005068302154541016
(73,749)
0.0013997554779052734
(94,704)
0.00743556022644043
(103,691)
0.001172780990600586
(144,644)
0.008606672286987305
(160,625)
0.0014979839324951172
(250,561)
0.007833242416381836
(282,540)
0.0023641586303710938
(402,480)
0.006218433380126953
(449,457)
0.004025936126708984
(587,410)
0.005548238754272461
(645,388)
0.004652976989746094
(802,353)
0.0047833919525146484
(867,337)
0.0015845298767089844
(1027,316)
0.007625102996826172
(1090,305)
0.0010006427764892578
(1224,299)
0.008121252059936523
(1273,299)
0.0019979476928710938
(1351,300)
0.006827354431152344
(1376,300)
0.0029904842376708984
(1398,302)
0.007018089294433594
(1406,304)
0.0046651363372802734
(1408,304)
0.004152536392211914
(1411,305)
0.005352973937988281
(1411,305)
0.0040073394775390625
(1410,305)
0.0007998943328857422
(1400,305)
0.008660554885864258
(1394,305)
0.0014488697052001953
(1348,314)
0.006974220275878906
(1329,317)
0.0029931068420410156
(1249,337)
0.007085323333740234
(1210,344)
0.0030345916748046875
(1080,384)
0.006254434585571289
(1031,399)
0.004709005355834961
(889,450)
0.0043582916259765625
(831,472)
0.0015611648559570312
(680,530)
0.008078575134277344
(614,556)
0.001875162124633789
(467,611)
0.0062487125396728516
(405,633)
0.002983570098876953
(275,673)
0.007032155990600586
(227,686)
0.0029985904693603516
(140,695)
0.006380558013916016
(105,699)
0.0038404464721679688
(54,690)
0.004990577697753906
(37,687)
0.0010063648223876953
(14,667)
0.008803844451904297
(6,658)
0.0010006427764892578
(-1,632)
0.007867813110351562
(-2,621)
0.0017468929290771484
(10,574)
0.007569551467895508
(14,556)
0.0023756027221679688
(46,490)
0.0069310665130615234
(61,458)
0.0037300586700439453
(129,365)
0.005112886428833008
(154,325)
0.0051727294921875
(245,243)
0.003905773162841797
(278,209)
0.0016202926635742188
(117,379)
0.13698697090148926
(45,458)
0.0
(-109,634)
0.0
(-62,708)
0.0
(-132,879)
0.015620946884155273
(-58,953)
0.0
(-105,1103)
0.015895605087280273
(-47,1140)
0.0
(-64,1173)
0.0
(-24,1112)
0.0
(-25,1119)
0.015569210052490234
(-8,1090)
0.0
(-4,1084)
0.0
(-1,1081)
0.0
(0,1080)
0.015620946884155273
(1,1079)
0.015627622604370117
(3,1078)
0.0
(15,1068)
0.010009050369262695
(22,1062)
0.0
(66,1028)
0.0
(81,1016)
0.0
(149,955)
0.015626192092895508
(184,926)
0.0
(295,821)
0.0
(342,777)
0.0
(461,671)
0.01587963104248047
(512,626)
0.0
(642,531)
0.0
(695,491)
0.015398740768432617
(820,417)
0.0
(872,387)
0.012241840362548828
(991,330)
0.005278825759887695
(1037,313)
0.0010042190551757812
(1155,280)
0.007630109786987305
(1196,268)
0.0010001659393310547
(1307,255)
0.010658740997314453
(1348,253)
0.0014777183532714844
(1446,253)
0.006532430648803711
(1479,253)
0.0017278194427490234
(1568,253)
0.0070917606353759766
(1598,254)
0.0028159618377685547
(1663,254)
0.0057828426361083984
(1687,254)
0.0052890777587890625
(1740,254)
0.0044252872467041016
(1758,254)
0.0013816356658935547
(1795,253)
0.007801055908203125
(1809,251)
0.0014603137969970703
(1838,246)
0.007827281951904297
(1848,244)
0.001998424530029297
(1871,241)
0.006562948226928711
(1879,239)
0.003813505172729492
(1895,236)
0.005630970001220703
(1902,232)
0.0044748783111572266
(1909,230)
0.004704713821411133
(1912,229)
0.001371622085571289
(1913,229)
0.008024930953979492
(1913,229)
0.0011210441589355469
(1913,228)
0.010121583938598633
(1913,227)
0.010059118270874023
(1911,227)
0.006464958190917969
(1911,226)
0.0029954910278320312
(1905,225)
0.006124019622802734
(1903,225)
0.004948854446411133
(1889,225)
0.004462718963623047
(1881,225)
0.0019969940185546875
(1844,228)
0.0069866180419921875
(1828,230)
0.001638650894165039
(1769,244)
0.007790565490722656
(1749,247)
0.0027489662170410156
(1684,262)
0.0062296390533447266
(1655,270)
0.0045049190521240234
(1563,288)
0.005094051361083984
(1527,297)
0.004865169525146484
(1426,322)
0.004344463348388672
(1386,329)
0.0010001659393310547
(1282,355)
0.008545875549316406
(1242,364)
0.0009999275207519531
(1137,386)
0.007876157760620117
(1098,393)
0.002994060516357422
(1006,412)
0.006871461868286133
(979,416)
0.002239227294921875
(896,428)
0.0065424442291259766
(874,429)
0.004311800003051758
(818,436)
0.004581451416015625
(798,438)
0.0015189647674560547
(758,442)
0.007975578308105469
(742,442)
0.0010008811950683594
(721,442)
0.007997512817382812
(711,442)
0.0019974708557128906
(700,442)
0.007241249084472656
(699,442)
0.002381563186645508
(697,442)
0.006394386291503906
(696,442)
0.00422978401184082
(696,442)
0.00512242317199707
(696,442)
0.0014405250549316406
(702,441)
0.007707357406616211
(704,440)
0.0010004043579101562
(715,436)
0.00828695297241211
(720,433)
0.001707315444946289
(753,421)
0.0072672367095947266
(764,415)
0.0027017593383789062
(827,391)
0.007061004638671875
(845,382)
0.0036759376525878906
(932,354)
0.005831480026245117
(967,338)
0.004805564880371094
(1084,302)
0.004857301712036133
(1127,285)
0.0010013580322265625
(1248,252)
0.007691860198974609
(1296,242)
0.0010006427764892578
(1415,222)
0.008352041244506836
(1462,217)
0.0025582313537597656
(1571,217)
0.006338596343994141
(1612,217)
0.0035305023193359375
(1704,232)
0.006180763244628906
(1732,238)
0.0039119720458984375
(1814,268)
0.0047206878662109375
(1835,275)
0.0009999275207519531
(1895,309)
0.008323192596435547
(1912,319)
0.0011756420135498047
(1947,348)
0.0077707767486572266
(1932,360)
0.0023076534271240234
(1937,383)
0.006772041320800781
(1925,392)
0.0044596195220947266
(1921,399)
0.0053212642669677734
(1920,403)
0.003651857376098633
(1916,410)
0.005033254623413086
(1915,413)
0.0014607906341552734
(1902,425)
0.007986307144165039
(1893,431)
0.0010001659393310547
(1859,453)
0.009818315505981445
(1846,459)
0.001294851303100586
(1798,480)
0.006377696990966797
(1779,488)
0.0035665035247802734
(1705,510)
0.0049440860748291016
(1671,522)
0.003897428512573242
(1558,551)
0.006108760833740234
(1514,563)
0.00535893440246582
(1393,592)
0.003265380859375
(1352,604)
0.0015358924865722656
(1224,624)
0.00822591781616211
(1176,634)
0.001001596450805664
(1049,644)
0.007942914962768555
(1000,646)
0.0027267932891845703
(882,646)
0.006375312805175781
(841,646)
0.0037355422973632812
(746,635)
0.00637507438659668
(714,626)
0.004156589508056641
(633,602)
0.00439453125
(608,595)
0.0014548301696777344
(556,568)
0.007904529571533203
(541,558)
0.0011706352233886719
(519,543)
0.008231878280639648
(509,535)
0.0025663375854492188
(503,522)
0.006671428680419922
(500,520)
0.0026960372924804688
(500,514)
0.006740570068359375
(502,510)
0.004689693450927734
(509,502)
0.005593538284301758
(513,497)
0.0
(542,474)
0.008258342742919922
(551,466)
0.0007345676422119141
(595,436)
0.007258176803588867
(612,426)
0.0025298595428466797
(675,400)
0.007630348205566406
(699,386)
0.0019741058349609375
(785,355)
0.006711244583129883
(819,341)
0.004289388656616211
(920,310)
0.005198955535888672
(954,299)
0.004281759262084961
(1063,270)
0.00469970703125
(1100,256)
0.0014040470123291016
(1209,230)
0.007123231887817383
(1246,218)
0.002904176712036133
(1351,190)
0.006882190704345703
(1383,183)
0.0031969547271728516
(1472,162)
0.006035804748535156
(1499,158)
0.003645658493041992
(1567,141)
0.005987405776977539
(1587,138)
0.004523277282714844
(1625,129)
0.004473447799682617
(1640,126)
0.0016634464263916016
(1663,119)
0.007668018341064453
(1673,117)
0.001001119613647461
(1688,114)
0.008126258850097656
(1692,113)
0.002205371856689453
(1696,113)
0.006998777389526367
(1699,113)
0.0036954879760742188
(1700,113)
0.006329774856567383
(1701,113)
0.003787517547607422
(1701,114)
0.004242658615112305
(1701,115)
0.0190122127532959
(1700,115)
0.0018482208251953125
(1698,115)
0.007451772689819336
(1698,115)
0.002995729446411133
(1696,115)
0.00545501708984375
(1695,116)
0.004602193832397461
(1691,117)
0.0048215389251708984
(1688,119)
0.001394510269165039
(1680,122)
0.007684946060180664
(1673,125)
0.0013613700866699219
(1658,135)
0.008379459381103516
(1653,137)
0.0016818046569824219
(1631,152)
0.007356882095336914
(1620,159)
0.0028259754180908203
(1594,176)
0.006707429885864258
(1583,184)
0.0030753612518310547
(1551,205)
0.006096363067626953
(1540,213)
0.004655122756958008
(1509,234)
0.004684925079345703
(1500,240)
0.0010001659393310547
(1471,261)
0.008074522018432617
(1462,269)
0.0014233589172363281
(1441,285)
0.007479429244995117
(1430,292)
0.002002239227294922
(1415,303)
0.0043790340423583984
(1408,307)
0.0
(1395,317)
0.0
(1389,320)
0.015776634216308594
(1378,324)
0.0
(1373,327)
0.0
(1364,330)
0.015465021133422852
(1361,331)
0.0
(1353,334)
0.0
(1350,335)
0.0
(1344,336)
0.015892744064331055
(1340,337)
0.0
(1332,340)
0.0
(1329,340)
0.015349864959716797
(1321,344)
0.0
(1318,345)
0.0
(1310,347)
0.011290550231933594
(1308,347)
0.0
(1303,350)
0.0
(1300,350)
0.0
(1297,352)
0.01562666893005371
(1296,354)
0.0
(1295,354)
0.015653371810913086
(1295,355)
0.0
(1294,355)
0.0
(1294,356)
0.0
(1294,356)
0.01588749885559082
(1295,357)
0.0
(1296,357)
0.015597820281982422
(1297,357)
0.0
(1298,358)
0.015344858169555664
(1299,359)
0.0
(1301,361)
0.015878915786743164
(1302,363)
0.0
(1306,370)
0.006044626235961914
(1307,372)
0.0
(1314,381)
0.0
(1316,385)
0.015626192092895508
(1322,393)
0.0
(1324,396)
0.0
(1334,409)
0.015844106674194336
(1337,413)
0.0
(1348,430)
0.0
(1352,437)
0.0
(1362,453)
0.015656471252441406
(1364,458)
0.0
(1372,473)
0.0
(1375,480)
0.013926506042480469
(1380,489)
0.008376836776733398
(1382,495)
0.0020987987518310547
(1387,502)
0.006465435028076172
(1388,506)
0.005011320114135742
(1388,512)
0.004610776901245117
(1389,514)
0.0010006427764892578
(1389,518)
0.006762266159057617
(1389,520)
0.0019016265869140625
(1387,526)
0.007603883743286133
(1385,530)
0.002456188201904297
(1383,535)
0.0069484710693359375
(1382,537)
0.003277301788330078
(1379,543)
0.005791187286376953
(1378,545)
0.003993988037109375
(1373,547)
0.004780292510986328
(1372,549)
0.0011637210845947266
(1369,553)
0.008331775665283203
(1367,554)
0.0008149147033691406
(1365,556)
0.008636713027954102
(1363,557)
0.0020024776458740234
(1358,558)
0.006785392761230469
(1357,559)
0.003604888916015625
(1352,559)
0.005889415740966797
(1350,560)
0.005071878433227539
(1345,560)
0.004590511322021484
(1341,560)
0.0009996891021728516
(1333,560)
0.007290840148925781
(1327,559)
0.0018672943115234375
(1316,554)
0.008041858673095703
(1309,553)
0.002237081527709961
(1295,546)
0.006491661071777344
(1290,544)
0.003381490707397461
(1275,539)
0.006095170974731445
(1269,536)
0.004876852035522461
(1259,528)
0.0049054622650146484
(1253,526)
0.0010457038879394531
(1246,522)
0.007636070251464844
(1240,518)
0.0019211769104003906
(1237,514)
0.006994724273681641
(1236,513)
0.002267599105834961
(1234,511)
0.007218599319458008
(1234,511)
0.003391742706298828
(1234,510)
0.010413408279418945
(1234,508)
0.006065845489501953
(1235,508)
0.0075986385345458984
(1235,507)
0.0010001659393310547
(1238,505)
0.008978128433227539
(1239,505)
0.0010004043579101562
(1245,500)
0.007730245590209961
(1247,497)
0.0022668838500976562
(1253,490)
0.006605625152587891
(1257,488)
0.0041315555572509766
(1262,483)
0.004888296127319336
(1267,481)
0.0041429996490478516
(1272,475)
0.004965782165527344
(1276,474)
0.0010001659393310547
(1284,467)
0.008691549301147461
(1286,466)
0.0010018348693847656
(1296,461)
0.007928133010864258
(1299,458)
0.0023851394653320312
(1310,453)
0.0064008235931396484
(1313,452)
0.0052187442779541016
(1323,448)
0.005076408386230469
(1328,445)
0.004660129547119141
(1338,442)
0.0037822723388671875
(1342,441)
0.0011143684387207031
(1351,437)
0.008262872695922852
(1355,436)
0.0010004043579101562
(1362,435)
0.00820016860961914
(1366,432)
0.002313852310180664
(1375,431)
0.0068454742431640625
(1380,430)
0.0032036304473876953
(1392,428)
0.005766868591308594
(1397,427)
0.00524592399597168
(1407,426)
0.0041675567626953125
(1412,424)
0.0013911724090576172
(1422,423)
0.00780940055847168
(1426,423)
0.0014963150024414062
(1434,419)
0.00783848762512207
(1439,419)
0.0020058155059814453
(1447,418)
0.007870197296142578
(1450,417)
0.0023064613342285156
(1458,415)
0.00561213493347168
(1462,414)
0.00450897216796875
(1469,413)
0.004070758819580078
(1474,412)
0.0019180774688720703
(1480,409)
0.008436203002929688
(1482,407)
0.0010406970977783203
(1489,406)
0.007980108261108398
(1491,405)
0.0020143985748291016
(1493,404)
0.007185935974121094
(1495,404)
0.0029075145721435547
(1498,404)
0.006239414215087891
(1500,403)
0.009200334548950195
(1501,403)
0.009983301162719727
(1501,403)
0.03613853454589844
(1501,403)
0.027475833892822266
(1501,404)
0.009650468826293945
(1501,405)
0.003603219985961914
(1501,408)
0.004842996597290039
(1501,410)
0.0010008811950683594
(1501,413)
0.007565975189208984
(1501,415)
0.0014867782592773438
(1501,421)
0.007862329483032227
(1501,423)
0.0023076534271240234
(1500,431)
0.007539987564086914
(1500,434)
0.0028281211853027344
(1500,443)
0.005987405776977539
(1500,446)
0.003988742828369141
(1498,457)
0.003988742828369141
(1498,459)
0.0019958019256591797
(1498,467)
0.007525920867919922
(1498,470)
0.00194549560546875
(1498,474)
0.008061647415161133
(1498,478)
0.0019161701202392578
(1497,481)
0.00708317756652832
(1495,482)
0.004265785217285156
(1495,484)
0.00554656982421875
(1494,485)
0.0029582977294921875
(1494,486)
0.007081508636474609
(1493,487)
0.008952140808105469
(1493,488)
0.010526418685913086
(1492,488)
0.006692647933959961
(1492,489)
0.0037255287170410156
(1492,490)
0.005190610885620117
(1491,490)
0.0049092769622802734
(1490,490)
0.003961324691772461
(1489,491)
0.0011222362518310547
(1488,491)
0.008590459823608398
(1486,492)
0.0010004043579101562
(1485,492)
0.007966756820678711
(1485,492)
0.0020351409912109375
(1484,492)
0.006971597671508789
(1483,492)
0.0032253265380859375
(1482,492)
0.006630659103393555
(1481,492)
0.003535032272338867
(1480,492)
0.005641460418701172
(1479,492)
0.010576725006103516
(1478,492)
0.016530275344848633
(1478,493)
0.009013175964355469
(1478,494)
0.004560232162475586
(1478,498)
0.0049555301666259766
(1478,498)
0.005070924758911133
(1477,502)
0.004538774490356445
(1477,504)
0.0015976428985595703
(1475,511)
0.007090568542480469
(1475,512)
0.000997781753540039
(1474,519)
0.00880122184753418
(1474,521)
0.002561807632446289
(1473,525)
0.0071315765380859375
(1473,530)
0.0026133060455322266
(1471,533)
0.00566411018371582
(1471,535)
0.004511117935180664
(1468,541)
0.004723548889160156
(1468,542)
0.0018274784088134766
(1466,546)
0.007816791534423828
(1465,548)
0.0016469955444335938
(1465,556)
0.006626605987548828
(1464,558)
0.003461599349975586
(1464,566)
0.007200717926025391
(1464,567)
0.002807140350341797
(1463,577)
0.005908489227294922
(1463,580)
0.004591226577758789
(1463,586)
0.004588603973388672
(1463,590)
0.0014195442199707031
(1463,598)
0.0073893070220947266
(1463,603)
0.0009996891021728516
(1463,609)
0.008044242858886719
(1463,612)
0.0029959678649902344
(1463,616)
0.00623321533203125
(1463,618)
0.004777193069458008
(1463,623)
0.004139900207519531
(1463,625)
0.0046465396881103516
(1463,628)
0.004471778869628906
(1464,630)
0.001001119613647461
(1464,633)
0.008909463882446289
(1465,635)
0.010259628295898438
(1465,636)
0.0009999275207519531
(1467,637)
0.006842851638793945
(1467,638)
0.004346132278442383
(1467,639)
0.009546279907226562
(1467,640)
0.013641357421875
(1468,640)
0.04663991928100586
(1468,640)
0.09177517890930176
(1468,640)
0.19433331489562988
(1468,639)
0.015457630157470703
(1468,638)
0.0
(1469,638)
0.0
(1469,637)
0.0
(1469,636)
0.01565861701965332
(1469,635)
0.006739139556884766
(1469,635)
0.0
(1469,635)
0.0
(1469,634)
0.015670299530029297
(1470,634)
0.031444549560546875
(1470,632)
0.0
(1470,631)
0.01566171646118164
(1472,631)
0.0
(1472,630)
0.015570402145385742
(1472,629)
0.015628576278686523
(1472,629)
0.00624847412109375
(1473,629)
0.0
(1473,628)
0.0
(1473,627)
0.015626907348632812
(1474,626)
0.0
(1474,625)
0.015680789947509766
(1475,623)
0.0
(1475,622)
0.0
(1476,622)
0.015559911727905273
(1476,621)
0.0
(1477,619)
0.0
(1477,618)
0.0
(1477,616)
0.015895605087280273
(1478,614)
0.0
(1480,611)
0.01139068603515625
(1482,609)
0.0010540485382080078
(1483,605)
0.00811314582824707
(1484,602)
0.002469301223754883
(1485,599)
0.008388519287109375
(1485,597)
0.0010025501251220703
(1486,592)
0.0068359375
(1486,591)
0.004267692565917969
(1487,589)
0.004718780517578125
(1488,589)
0.005339384078979492
(1488,588)
0.002981424331665039
(1488,587)
0.0016148090362548828
(1488,586)
0.00838780403137207
(1488,585)
0.010003805160522461
(1488,583)
0.0015463829040527344
(1488,583)
0.010598421096801758
(1488,582)
0.03220653533935547
(1488,581)
0.013713359832763672
(1488,580)
0.009697437286376953
(1488,579)
0.004772186279296875
(1488,578)
0.009220600128173828
(1488,577)
0.001001119613647461
(1488,577)
0.007992267608642578
(1488,575)
0.012977838516235352
(1488,574)
0.010355472564697266
(1488,573)
0.022502422332763672
(1487,573)
0.009251594543457031
